-77.6441173119032	-230.2354198092457
-77.59490964420692	-230.14788475816778
-77.54578021527475	-230.06031859994096
-77.49672885760313	-229.97272137290994
-77.44775540368875	-229.88509311541867
-77.39885968602809	-229.7974338658117
-77.35004153711772	-229.70974366243343
-77.30130078945434	-229.62202254362785
-77.25263727553437	-229.5342705477395
-77.2040508278545	-229.44648771311273
-77.1555412789112	-229.35867407809195
-77.1071084612011	-229.27082968102127
-77.05875220722078	-229.18295456024507
-77.01047234946677	-229.09504875410784
-76.96226872043572	-229.0071123009536
-76.91414115262408	-228.91914523912703
-76.86608947852848	-228.83114760697234
-76.81811353064558	-228.74311944283357
-76.77021314147183	-228.6550607850555
-76.72238814350385	-228.56697167198203
-76.67463836923818	-228.47885214195782
-76.62696365117142	-228.39070223332712
-76.5793638218002	-228.30252198443407
-76.53183871362099	-228.21431143362324
-76.48438815913043	-228.12607061923873
-76.43701199082503	-228.03779957962504
-76.38971004120138	-227.94949835312653
-76.34248214275613	-227.86116697808728
-76.29532812798578	-227.77280549285194
-76.24824782938688	-227.68441393576447
-76.20124107945605	-227.59599234516955
-76.15430771068986	-227.50754075941134
-76.1074475555849	-227.41905921683403
-76.06066044663768	-227.33054775578228
-76.01394621634479	-227.24200641460007
-75.96730469720283	-227.15343523163196
-75.92073572170837	-227.06483424522224
-75.87423912235795	-226.97620349371505
-75.82781473164816	-226.88754301545504
-75.7814623820756	-226.7988528487862
-75.73518190613679	-226.71013303205314
-75.68897313632831	-226.62138360360007
-75.6428359051468	-226.53260460177114
-75.59677004508876	-226.443796064911
-75.55077538865076	-226.35495803136362
-75.50485176832943	-226.26609053947374
-75.45899901662128	-226.17719362758547
-75.41321696602294	-226.088267334043
-75.36750544903092	-225.99931169719088
-75.32186429814183	-225.91032675537323
-75.27629334585224	-225.82131254693462
-75.23079242465872	-225.73226911021933
-75.18536136705784	-225.6431964835714
-75.14000000554614	-225.5540947053355
-75.09470817262027	-225.4649638138557
-75.04948570077673	-225.37580384747653
-75.00433242251212	-225.2866148445423
-74.95924817032301	-225.19739684339712
-74.91423277670596	-225.10814988238553
-74.86928607415759	-225.01887399985173
-74.82440789517437	-224.9295692341402
-74.77959807225298	-224.84023562359522
-74.73485643788993	-224.75087320656087
-74.69018282458183	-224.66148202138186
-74.6455770648252	-224.57206210640217
-74.60103899111668	-224.48261349996636
-74.5565684359528	-224.39313624041878
-74.51216523183014	-224.30363036610348
-74.46782921124523	-224.2140959153651
-74.42356020669472	-224.12453292654772
-74.37935805067511	-224.0349414379959
-74.33522257568302	-223.94532148805382
-74.29115361421503	-223.8556731150657
-74.24715099876765	-223.76599635737617
-74.20321456183753	-223.67629125332914
-74.15934413592119	-223.58655784126947
-74.11553955351519	-223.49679615954105
-74.07180064711618	-223.40700624648827
-74.02812724922065	-223.3171881404557
-73.98451919232518	-223.22734187978733
-73.94097630892638	-223.13746750282772
-73.89749843152082	-223.04756504792127
-73.85408539260503	-222.95763455341194
-73.81073702467562	-222.86767605764445
-73.76745316022915	-222.77768959896284
-73.72423363176217	-222.6876752157117
-73.6810782717713	-222.59763294623517
-73.63798691275309	-222.5075628288775
-73.59495938720409	-222.4174649019833
-73.5519955276209	-222.32733920389657
-73.50909516650007	-222.23718577296194
-73.46625813633823	-222.14700464752354
-73.42348426963184	-222.05679586592566
-73.38077339887758	-221.9665594665129
-73.33812535657198	-221.8762954876292
-73.29553997521157	-221.78600396761922
-73.253017087293	-221.69568494482724
-73.2105565253128	-221.60533845759727
-73.16815812176753	-221.514964544274
-73.12582170915383	-221.42456324320165
-73.08354711996816	-221.3341345927244
-73.04133418670719	-221.24367863118675
-72.99918274186741	-221.15319539693297
-72.95709261794548	-221.06268492830748
-72.91506364743793	-220.97214726365442
-72.87309566284132	-220.88158244131824
-72.83118849665223	-220.79099049964321
-72.78934198136722	-220.70037147697366
-72.74755594948292	-220.609725411654
-72.70583023349583	-220.51905234202846
-72.66416466590253	-220.42835230644135
-72.62255907919963	-220.33762534323714
-72.58101330588369	-220.24687149075996
-72.53952717845128	-220.15609078735437
-72.49810052939895	-220.0652832713645
-72.45673319122331	-219.9744489811347
-72.4154249964209	-219.88358795500935
-72.37417577748829	-219.79270023133276
-72.33298536692209	-219.7017858484493
-72.29185359721885	-219.6108448447032
-72.25078030087514	-219.51987725843887
-72.2097653103875	-219.42888312800056
-72.16880845825256	-219.3378624917327
-72.12790957696686	-219.24681538797964
-72.08706849902697	-219.15574185508547
-72.04628505692949	-219.06464193139468
-72.00555908317095	-218.97351565525167
-71.96489041024793	-218.8823630650006
-71.92427887065706	-218.79118419898592
-71.88372429689483	-218.69997909555195
-71.84322652145786	-218.60874779304294
-71.8027853768427	-218.51749032980328
-71.76240069554595	-218.42620674417725
-71.72207231006418	-218.33489707450923
-71.68180005289392	-218.24356135914346
-71.64158375653177	-218.15219963642434
-71.60142325347428	-218.0608119446962
-71.56131837621808	-217.96939832230333
-71.5212689572597	-217.87795880759018
-71.4812748290957	-217.78649343890075
-71.44133582422268	-217.69500225457972
-71.40145177513716	-217.60348529297124
-71.36162251433579	-217.51194259241967
-71.3218478743151	-217.42037419126947
-71.28212768757166	-217.3287801278646
-71.24246178660206	-217.2371604405497
-71.20285000390285	-217.1455151676691
-71.16329217197061	-217.05384434756698
-71.12378812330194	-216.96214801858784
-71.08433769039337	-216.8704262190758
-71.04494070574147	-216.7786789873753
-71.00559700184283	-216.68690636183058
-70.96630641119403	-216.5951083807861
-70.92706876629164	-216.50328508258613
-70.88788389963223	-216.41143650557498
-70.84875164371233	-216.31956268809697
-70.80967183102858	-216.2276636684964
-70.7706442940775	-216.1357394851177
-70.73166886535572	-216.04379017630518
-70.69274537735974	-215.95181578040305
-70.65387366258618	-215.85981633575565
-70.6150535535316	-215.76779188070736
-70.57628488269255	-215.6757424536026
-70.53756748256565	-215.5836680927856
-70.49890118564743	-215.49156883660058
-70.46028582443448	-215.39944472339207
-70.42172123142336	-215.30729579150426
-70.38320723911066	-215.21512207928149
-70.34474367999294	-215.12292362506818
-70.30633038656677	-215.03070046720853
-70.26796719132872	-214.938452644047
-70.22965392677537	-214.84618019392778
-70.19139042540331	-214.75388315519524
-70.15317651970906	-214.66156156619377
-70.11501204218925	-214.56921546526755
-70.07689682534041	-214.47684489076113
-70.03883070165914	-214.3844498810187
-70.00081350364198	-214.29203047438455
-69.96284506378554	-214.19958670920303
-69.92492521458637	-214.10711862381848
-69.88705378854104	-214.01462625657533
-69.84923061814614	-213.92210964581773
-69.8114555358982	-213.82956882989006
-69.77372837429384	-213.73700384713686
-69.73604896582961	-213.64441473590202
-69.69841714300209	-213.55180153453026
-69.66083273830785	-213.45916428136576
-69.62329558424344	-213.36650301475274
-69.58580551330546	-213.2738177730358
-69.54836235814327	-213.18110859455896
-69.51096602812464	-213.0883755176667
-69.47361663356088	-212.99561858070342
-69.43631431726006	-212.9028378220133
-69.3990592220303	-212.81003327994077
-69.36185149067977	-212.71720499283
-69.32469126601654	-212.62435299902555
-69.28757869084875	-212.5314773368715
-69.25051390798451	-212.4385780447124
-69.21349706023196	-212.3456551608925
-69.1765282903992	-212.25270872375594
-69.13960774129436	-212.1597387716474
-69.10273555572556	-212.06674534291088
-69.0659118765009	-211.97372847589085
-69.02913684642853	-211.88068820893176
-68.99241060831655	-211.78762458037764
-68.95573330497308	-211.69453762857302
-68.91910507920628	-211.60142739186222
-68.8825260738242	-211.50829390858945
-68.84599643163502	-211.41513721709921
-68.80951629544681	-211.32195735573563
-68.77308580806772	-211.22875436284323
-68.73670511230588	-211.13552827676625
-68.70037435096938	-211.04227913584896
-68.66409366686638	-210.94900697843576
-68.62786320280493	-210.85571184287085
-68.59168310159323	-210.76239376749876
-68.55555350603939	-210.66905279066373
-68.51947455895144	-210.57568895071003
-68.4834464031376	-210.48230228598206
-68.44746918140596	-210.38889283482405
-68.41154303656462	-210.29546063558047
-68.37566811142172	-210.2020057265955
-68.33984454878538	-210.10852814621356
-68.30407249146373	-210.01502793277896
-68.26835208226484	-209.92150512463587
-68.23268346399688	-209.827959760129
-68.19706677946795	-209.73439187760226
-68.16150217148616	-209.6408015154002
-68.12598978285966	-209.54718871186714
-68.09052975639655	-209.4535535053473
-68.05512223490496	-209.3598959341851
-68.01976736119299	-209.2662160367248
-67.98446527806878	-209.1725138513108
-67.94921612834045	-209.07878941628744
-67.9140200548161	-208.98504276999887
-67.87887720030386	-208.89127395078953
-67.84378770761185	-208.7974829970039
-67.80875171954821	-208.70366994698608
-67.77376937892103	-208.60983483908052
-67.73884082853844	-208.51597771163142
-67.7039662112086	-208.42209860298325
-67.66914566973955	-208.32819755148026
-67.63437934693945	-208.23427459546676
-67.59966738561644	-208.14032977328716
-67.56500992857862	-208.04636312328572
-67.53040711863412	-207.9523746838068
-67.49585909859103	-207.85836449319467
-67.4613660112575	-207.7643325897937
-67.42692799944165	-207.67027901194822
-67.39254520595156	-207.57620379800252
-67.3582177735954	-207.48210698630098
-67.3239458451813	-207.3879886151879
-67.2897295635173	-207.29384872300756
-67.2555690714116	-207.1996873481044
-67.22146451167228	-207.10550452882256
-67.18741602710747	-207.01130030350657
-67.1534237605253	-206.91707471050063
-67.11948785473388	-206.82282778814917
-67.08560845254134	-206.72855957479638
-67.05178569675576	-206.63427010878664
-67.0180197301853	-206.5399594284644
-66.98431069563809	-206.44562757217378
-66.95065873592219	-206.35127457825922
-66.9170639938458	-206.25690048506507
-66.88352661221697	-206.16250533093555
-66.85004673384387	-206.06808915421513
-66.81662450153458	-205.97365199324798
-66.78326005809724	-205.87919388637852
-66.74995354634	-205.78471487195117
-66.7167051090709	-205.69021498830998
-66.68351488909815	-205.59569427379952
-66.65038302922981	-205.50115276676402
-66.61730967227403	-205.40659050554788
-66.58429496103889	-205.31200752849531
-66.55133903833256	-205.21740387395067
-66.51844204696313	-205.12277958025842
-66.48560412973876	-205.0281346857627
-66.4528254294675	-204.93346922880792
-66.42010608895751	-204.83878324773846
-66.38744625101691	-204.7440767808985
-66.35484605845384	-204.6493498666325
-66.32230565407639	-204.55460254328477
-66.28982518069267	-204.45983484919952
-66.2574047811108	-204.36504682272127
-66.22504459813895	-204.2702385021941
-66.19274477458521	-204.17540992596258
-66.16050545325767	-204.0805611323709
-66.12832677696449	-203.98569215976343
-66.09620888851377	-203.8908030464845
-66.06415193071366	-203.79589383087833
-66.03215604637224	-203.70096455128942
-66.00022137829764	-203.606015246062
-65.96834806929799	-203.51104595354036
-65.93653626218139	-203.41605671206892
-65.90478609975601	-203.32104755999188
-65.8730977248299	-203.22601853565374
-65.84147128021125	-203.1309696773987
-65.80990690870811	-203.03590102357109
-65.77840475312865	-202.9408126125153
-65.746964956281	-202.84570448257557
-65.71558766097323	-202.7505766720963
-65.6842730100135	-202.65542921942182
-65.6530211462099	-202.56026216289638
-65.62183221237056	-202.4650755408644
-65.59070635130362	-202.36986939167005
-65.55964370581717	-202.27464375365793
-65.52864441871934	-202.1793986651721
-65.49770863281829	-202.084134164557
-65.46683649092205	-201.988850290157
-65.43602813583882	-201.8935470803162
-65.40528371037671	-201.79822457337926
-65.3746033573438	-201.70288280769034
-65.34398721954827	-201.6075218215937
-65.31343543979817	-201.51214165343384
-65.28294816090165	-201.4167423415548
-65.25252552566685	-201.3213239243012
-65.22216767690186	-201.22588644001726
-65.19187475741482	-201.13042992704723
-65.16164691001384	-201.0349544237356
-65.13148427750704	-200.93945996842646
-65.10138700270255	-200.84394659946437
-65.07135522840849	-200.7484143551936
-65.04138909743295	-200.65286327395842
-65.0114887525841	-200.5572933941031
-64.98165433667	-200.4617047539721
-64.95188599249883	-200.36609739190973
-64.92218386287867	-200.27047134626017
-64.89254809061765	-200.17482665536792
-64.86297881852389	-200.07916335757722
-64.83347618940552	-199.98348149123237
-64.80404034607065	-199.88778109467782
-64.7746714313274	-199.79206220625773
-64.74536958798389	-199.69632486431658
-64.71613495884823	-199.60056910719857
-64.68696768672856	-199.5047949732481
-64.657867914433	-199.40900250080946
-64.62883578476965	-199.31319172822703
-64.59987144054665	-199.21736269384508
-64.57097502457209	-199.12151543600794
-64.54214667965414	-199.02564999306
-64.51338654860086	-198.9297664033455
-64.48469477422042	-198.83386470520884
-64.45607149932091	-198.73794493699427
-64.42751686671048	-198.64200713704614
-64.39903101919722	-198.54605134370883
-64.37061409958923	-198.45007759532663
-64.3422662506947	-198.35408593024385
-64.31398761532168	-198.25807638680482
-64.28577833627833	-198.16204900335393
-64.25763855637277	-198.06600381823534
-64.22956841841311	-197.9699408697936
-64.20156806520745	-197.8738601963729
-64.17363763956395	-197.77776183631758
-64.1457772842907	-197.68164582797198
-64.11798714219582	-197.5855122096804
-64.09026735608744	-197.4893610197872
-64.06261806877367	-197.3931922966367
-64.03503942306264	-197.29700607857325
-64.0075315617625	-197.20080240394108
-63.980094627681304	-197.10458131108464
-63.95272876362723	-197.00834283834817
-63.925434112408354	-196.9120870240761
-63.89821081683283	-196.81581390661262
-63.87105901970875	-196.71952352430213
-63.843978863844264	-196.6232159154889
-63.81697049204747	-196.5268911185173
-63.79003404712649	-196.43054917173174
-63.76316967188943	-196.3341901134764
-63.73637750914446	-196.23781398209564
-63.70965770169964	-196.14142081593388
-63.68301039236313	-196.0450106533354
-63.656435723943034	-195.9485835326444
-63.62993383924747	-195.8521394922054
-63.60350488108456	-195.75567857036262
-63.57714899226244	-195.6592008054604
-63.550866315589204	-195.56270623584302
-63.52465699387298	-195.46619489985494
-63.498521169921915	-195.36966683584035
-63.47245898654408	-195.2731220821437
-63.44647058654764	-195.1765606771092
-63.42055611274069	-195.0799826590812
-63.394715707931354	-194.98338806640405
-63.36894951492775	-194.88677693742204
-63.34325767653801	-194.79014931047965
-63.31764033557023	-194.69350522392097
-63.292097634832565	-194.59684471609046
-63.2666297171331	-194.50016782533248
-63.24123672527997	-194.40347458999125
-63.21591880208129	-194.3067650484112
-63.19067609034519	-194.21003923893656
-63.1655087328798	-194.1132971999117
-63.140416872493205	-194.016538969681
-63.11540065199354	-193.9197645865887
-63.09046021418894	-193.82297408897915
-63.0655957018875	-193.72616751519672
-63.04080725789737	-193.62934490358566
-63.01609502268376	-193.53250629249038
-62.991459020863594	-193.43565172025515
-62.966899110424215	-193.3387812252243
-62.94241513643126	-193.24189484574214
-62.91800694395035	-193.1449926201531
-62.89367437804714	-193.0480745868014
-62.86941728378722	-192.95114078403137
-62.84523550623623	-192.85419125018734
-62.82112889045982	-192.7572260236137
-62.79709728152361	-192.66024514265473
-62.77314052449323	-192.5632486456547
-62.7492584644343	-192.46623657095807
-62.72545094641245	-192.36920895690906
-62.701717815493325	-192.27216584185206
-62.678058916742536	-192.17510726413133
-62.65447409522576	-192.07803326209122
-62.63096319600854	-191.9809438740761
-62.60752606415658	-191.88383913843026
-62.584162544735484	-191.786719093498
-62.56087248281088	-191.6895837776237
-62.53765572344841	-191.5924332291516
-62.514512111713664	-191.4952674864262
-62.49144149267233	-191.39808658779165
-62.468443711389995	-191.3008905715923
-62.445518612932304	-191.20367947617254
-62.422666042364895	-191.10645333987668
-62.39988584475339	-191.00921220104905
-62.3771778651634	-190.91195609803395
-62.35454194866057	-190.81468506917574
-62.33197794031055	-190.7173991528187
-62.30948568517894	-190.6200983873072
-62.287065028331384	-190.52278281098552
-62.2647158148335	-190.42545246219802
-62.24243788975092	-190.32810737928907
-62.220231098149306	-190.23074760060283
-62.19809528509424	-190.13337316448383
-62.17603029565138	-190.03598410927628
-62.15403597488635	-189.93858047332452
-62.132112167864776	-189.84116229497295
-62.11025871965228	-189.74372961256583
-62.0884754753145	-189.6462824644474
-62.06676227991708	-189.54882088896215
-62.045118978525636	-189.45134492445433
-62.023545416205785	-189.35385460926827
-62.0020414380232	-189.25634998174831
-61.98060688904345	-189.15883108023874
-61.95924161433219	-189.0612979430839
-61.937945458955085	-188.96375060862815
-61.91671826797771	-188.86618911521572
-61.89555988646573	-188.76861350119108
-61.874470159484744	-188.6710238048985
-61.85344893210042	-188.5734200646822
-61.83249604937837	-188.47580231888668
-61.811611356384226	-188.37817060585616
-61.7907946981836	-188.28052496393497
-61.77004591984215	-188.18286543146746
-61.74936486642549	-188.0851920467979
-61.72875138299925	-187.98750484827073
-61.708205314629055	-187.88980387423018
-61.68772650638054	-187.79208916302062
-61.667314803319336	-187.69436075298637
-61.64697005051108	-187.59661868247176
-61.626692093021376	-187.49886298982108
-61.606480775915884	-187.40109371337869
-61.58633594426021	-187.30331089148893
-61.56625744312002	-187.20551456249606
-61.54624511756091	-187.10770476474448
-61.5262988126485	-187.0098815365785
-61.506418373448454	-186.9120449163424
-61.486603645026385	-186.81419494238054
-61.46685447244792	-186.71633165303723
-61.447170700778685	-186.61845508665684
-61.42755217508431	-186.52056528158369
-61.407998740430436	-186.422662276162
-61.3885102418827	-186.32474610873626
-61.36908652450672	-186.2268168176507
-61.34972743336811	-186.12887444124965
-61.33043281353251	-186.03091901787744
-61.311202510065556	-185.93295058587842
-61.292036368032896	-185.83496918359688
-61.27293423250013	-185.73697484937716
-61.25389594853289	-185.63896762156358
-61.23492136119681	-185.54094753850052
-61.21601031555753	-185.44291463853222
-61.19716265719972	-185.34486896000308
-61.17837824247939	-185.2468105412574
-61.15965693791343	-185.1487394206395
-61.14099861041544	-185.05065563649367
-61.12240312689898	-184.9525592271643
-61.10387035427769	-184.8544502309957
-61.085400159465145	-184.75632868633213
-61.066992409374954	-184.65819463151809
-61.04864697092072	-184.5600481048977
-61.03036371101603	-184.46188914481536
-61.0121424965745	-184.36371778961544
-60.99398319450971	-184.2655340776423
-60.97588567173529	-184.1673380472401
-60.95784979516482	-184.0691297367533
-60.939875431711876	-183.9709091845262
-60.92196244829011	-183.8726764289031
-60.90411071181309	-183.77443150822836
-60.88632008919443	-183.6761744608463
-60.8685904473477	-183.57790532510126
-60.850921653186525	-183.47962413933752
-60.833313573624494	-183.38133094189948
-60.81576607557524	-183.28302577113135
-60.79827902595233	-183.18470866537754
-60.78085229166937	-183.08637966298238
-60.763485739639975	-182.98803880229016
-60.7461792367777	-182.8896861216452
-60.72893264999619	-182.79132165939185
-60.711745846209034	-182.69294545387447
-60.694618692329804	-182.59455754343733
-60.67755105527216	-182.4961579664248
-60.660542801949646	-182.39774676118117
-60.64359379927589	-182.29932396605076
-60.62670391416448	-182.20088961937793
-60.60987301352902	-182.10244375950697
-60.59310096428312	-182.00398642478223
-60.57638763334035	-181.90551765354806
-60.559732887614345	-181.80703748414874
-60.54313659401868	-181.70854595492864
-60.526598619466974	-181.61004310423198
-60.51011883087281	-181.51152897040325
-60.4936970951498	-181.4130035917867
-60.47733327921153	-181.3144670067266
-60.461027249971636	-181.21591925356734
-60.44477887434365	-181.11736037065322
-60.42858801924124	-181.01879039632857
-60.41245455157797	-180.92020936893778
-60.396378338267475	-180.82161732682505
-60.380359246223286	-180.72301430833483
-60.36439714235906	-180.62440035181135
-60.3484918935884	-180.525775495599
-60.33264336682487	-180.4271397780421
-60.3168514289821	-180.3284932374849
-60.301115946973674	-180.22983591227185
-60.285436787713195	-180.13116784074714
-60.269813818114265	-180.0324890612552
-60.25424690509049	-179.93379961214035
-60.238735915555445	-179.83509953174692
-60.223280716422764	-179.73638885841913
-60.20788117460601	-179.63766763050143
-60.19253715701881	-179.5389358863381
-60.17724853057477	-179.4401936642734
-60.162015162187494	-179.34144100265178
-60.14683691877051	-179.2426779398175
-60.131713667237534	-179.14390451411487
-60.116645274502076	-179.04512076388826
-60.10163160747775	-178.94632672748196
-60.086672533078186	-178.84752244324034
-60.07176791821696	-178.7487079495077
-60.056917629807714	-178.64988328462834
-60.04212153476398	-178.55104848694657
-60.0273794999994	-178.4522035948068
-60.01269139242758	-178.3533486465533
-59.99805707896209	-178.25448368053043
-59.983476426516546	-178.15560873508247
-59.96894930200456	-178.0567238485538
-59.95447557233972	-177.95782905928866
-59.940055104435615	-177.85892440563146
-59.92568776520584	-177.7600099259265
-59.911373421564036	-177.66108565851812
-59.89711194042378	-177.56215164175063
-59.88290318869867	-177.46320791396832
-59.868747033302284	-177.36425451351553
-59.85464334114825	-177.26529147873669
-59.84059197915018	-177.166318847976
-59.826592814221634	-177.0673366595778
-59.81264571327624	-176.96834495188654
-59.7987505432276	-176.86934376324632
-59.7849071709893	-176.77033313200172
-59.77111546347493	-176.6713130964969
-59.757375287598116	-176.57228369507618
-59.74368651027245	-176.47324496608405
-59.730048998411526	-176.37419694786468
-59.716462618928944	-176.2751396787624
-59.702927238738305	-176.17607319712153
-59.689442724753214	-176.07699754128654
-59.676008943887254	-175.97791274960161
-59.66262576305406	-175.87881886041112
-59.6492930491672	-175.77971591205943
-59.63601066914027	-175.68060394289074
-59.62277850894037	-175.58148299124952
-59.609596560919975	-175.48235309548005
-59.596464854339274	-175.38321429392659
-59.58338341849491	-175.28406662493353
-59.57035228268345	-175.18491012684524
-59.55737147620154	-175.08574483800598
-59.544441028345744	-174.98657079676005
-59.53156096841271	-174.88738804145186
-59.51873132569904	-174.78819661042564
-59.505952129501324	-174.68899654202576
-59.49322340911619	-174.5897878745966
-59.480545193840236	-174.49057064648238
-59.467917512970075	-174.39134489602756
-59.45534039580231	-174.29211066157632
-59.44281387163355	-174.1928679814731
-59.43033796976038	-174.09361689406217
-59.417912719479475	-173.99435743768785
-59.40553815008737	-173.89508965069453
-59.393214290880735	-173.79581357142646
-59.38094117115611	-173.69652923822804
-59.368718820210205	-173.5972366894435
-59.3565472673395	-173.4979359634172
-59.34442654184071	-173.39862709849353
-59.33235667301038	-173.29931013301677
-59.320337690145145	-173.19998510533122
-59.30836962254161	-173.10065205378126
-59.29645249949639	-173.0013110167112
-59.28458635030608	-172.90196203246532
-59.272771204267286	-172.80260513938805
-59.26100709067664	-172.70324037582355
-59.24929403883073	-172.60386778011633
-59.237632078026174	-172.5044873906106
-59.22602123755957	-172.4050992456507
-59.214461546727534	-172.30570338358092
-59.202953034826656	-172.20629984274575
-59.19149573115358	-172.10688866148934
-59.180089665004886	-172.0074698781561
-59.1687348656772	-171.90804353109036
-59.15743136246711	-171.80860965863639
-59.14617918467125	-171.7091682991385
-59.13497836158621	-171.60971949094113
-59.123828922508594	-171.51026327238856
-59.11273089673502	-171.41079968182504
-59.10168431356212	-171.311328757595
-59.09068920228645	-171.21185053804265
-59.07974559220465	-171.11236506151243
-59.068853512613344	-171.0128723663487
-59.05801299280911	-170.9133724908956
-59.047224062088546	-170.81386547349757
-59.03648674974831	-170.71435135249897
-59.02580108508498	-170.61483016624408
-59.015167097395164	-170.51530195307723
-59.00458481597546	-170.41576675134274
-58.994054270122504	-170.31622459938495
-58.98357548913289	-170.21667553554812
-58.97314850230322	-170.1171195981767
-58.96277333893011	-170.01755682561497
-58.95245002831016	-169.9179872562072
-58.94217859974001	-169.81841092829774
-58.93195908251623	-169.71882788023095
-58.92179150593543	-169.61923815035115
-58.911675899294245	-169.51964177700268
-58.90161229188926	-169.42003879852973
-58.8916007130171	-169.32042925327687
-58.881641191974374	-169.22081317958822
-58.87173375805766	-169.12119061580816
-58.8618784405636	-169.02156160028107
-58.85207526878879	-168.9219261713512
-58.84232427202984	-168.82228436736293
-58.832625479583356	-168.7226362266606
-58.822978920745946	-168.6229817875885
-58.81338462481422	-168.52332108849095
-58.803842621084776	-168.4236541677123
-58.79435293885425	-168.32398106359688
-58.78491560741924	-168.22430181448897
-58.77553065607633	-168.12461645873293
-58.76619811412216	-168.02492503467306
-58.75691801085331	-167.92522758065374
-58.74769037556643	-167.8255241350193
-58.73851523755807	-167.725814736114
-58.72939262612488	-167.62609942228215
-58.72032257056345	-167.5263782318682
-58.711305100242804	-167.42665120321638
-58.70234028704542	-167.326918374671
-58.693428316877814	-167.22717978457646
-58.68456939456348	-167.127435471277
-58.67576372492595	-167.02768547311706
-58.66701151278877	-166.92792982844088
-58.658312962975494	-166.8281685755928
-58.649668280309605	-166.72840175291714
-58.641077669614646	-166.62862939875828
-58.63254133571417	-166.52885155146043
-58.624059483431694	-166.42906824936802
-58.615632317590766	-166.32927953082543
-58.6072600430149	-166.2294854341768
-58.59894286452762	-166.1296859977666
-58.590680986952464	-166.02988125993915
-58.58247461511297	-165.93007125903867
-58.57432395383269	-165.83025603340957
-58.56622920793512	-165.73043562139623
-58.558190582243796	-165.63061006134282
-58.55020828158226	-165.5307793915938
-58.54228251077405	-165.43094365049348
-58.534413474642676	-165.33110287638613
-58.5266013780117	-165.2312571076161
-58.51884642570461	-165.13140638252773
-58.51114882254498	-165.0315507394653
-58.50350877335631	-164.9316902167732
-58.49592648296216	-164.83182485279573
-58.48840215618605	-164.73195468587727
-58.480935997851496	-164.632079754362
-58.47352821278206	-164.5322000965944
-58.46617900580123	-164.43231575091866
-58.45888858173258	-164.33242675567922
-58.45165714539962	-164.2325331492204
-58.44448490162588	-164.13263496988645
-58.437372055234896	-164.03273225602175
-58.43031881105019	-163.93282504597062
-58.42332537389533	-163.83291337807736
-58.416391948593805	-163.7329972906863
-58.40951873996916	-163.63307682214182
-58.40270595284494	-163.5331520107882
-58.39595379204465	-163.43322289496973
-58.38926246239184	-163.33328951303088
-58.38263216871005	-163.23335190331576
-58.376063115822795	-163.1334101041689
-58.3695555085536	-163.03346415393446
-58.363109551726	-162.9335140909569
-58.35672545016356	-162.83355995358048
-58.35040340868976	-162.73360178014954
-58.344143632128166	-162.63363960900838
-58.33794632530231	-162.53367347850136
-58.331811693035704	-162.4337034269728
-58.32573994015188	-162.33372949276702
-58.319731271474396	-162.23375171422833
-58.31378589182674	-162.1337701297011
-58.30790400603249	-162.0337847775296
-58.30208581891514	-161.9337956960582
-58.29633153529824	-161.83380292363123
-58.290641360005324	-161.733806498593
-58.28501549785992	-161.63380645928777
-58.27945415368556	-161.53380284405998
-58.27395753230577	-161.4337956912539
-58.26852583854408	-161.33378503921384
-58.26315927722403	-161.23377092628417
-58.25785805316915	-161.13375339080918
-58.25262237120296	-161.0337324711332
-58.247452436149	-160.9337082056006
-58.2423484528308	-160.83368063255563
-58.23731062607189	-160.73364979034272
-58.232339160695815	-160.63361571730607
-58.22743426152609	-160.53357845179008
-58.22259613338626	-160.43353803213907
-58.21782498109984	-160.33349449669743
-58.21312100949037	-160.23344788380933
-58.208484423381385	-160.13339823181917
-58.2039154275964	-160.03334557907138
-58.19941422695897	-159.93328996391014
-58.19498102629262	-159.83323142467984
-52.45223582623454	-9.123084424875783
-52.50321693440743	-9.037932943909926
-52.55419671929231	-8.952590247536474
-52.605165642894164	-8.867057637933558
-52.656114167217964	-8.781336417279318
-52.70703275426866	-8.695427887751887
-52.757911866051224	-8.609333351529388
-52.808741964570586	-8.523054110789971
-52.85951351183176	-8.436591467711752
-52.91021696983966	-8.349946724472879
-52.960842800599316	-8.263121183251476
-53.011381466115644	-8.176116146225679
-53.06182342839358	-8.08893291557362
-53.112159149438135	-8.001572793473436
-53.16237909125426	-7.91403708210326
-53.2124737158469	-7.826327083641223
-53.26243348522105	-7.738444100265458
-53.312248861381626	-7.650389434154095
-53.36191030633365	-7.562164387485275
-53.411408282082036	-7.47377026243713
-53.460733250631776	-7.385208361187786
-53.509875673987835	-7.296479985915385
-53.558826014155116	-7.207586438798052
-53.60757473313866	-7.118529022013929
-53.656112292943405	-7.029309037741147
-53.70442915557432	-6.939927788157835
-53.75251578303633	-6.850386575442129
-53.80036263733442	-6.76068670177216
-53.847960180473564	-6.670829469326067
-53.89529887445874	-6.58081618028198
-53.94236918129486	-6.490648136818032
-53.98916156298693	-6.400326641112355
-54.03566648153988	-6.309852995343082
-54.08187439895871	-6.21922850168835
-54.127775777248374	-6.1284544623262915
-54.173361078413805	-6.037532179435037
-54.21862076446	-5.946462955192723
-54.2635452973919	-5.855248091777478
-54.30812513921448	-5.763888891367441
-54.35235075193271	-5.6723866561407466
-54.39621259755153	-5.58074268827552
-54.43970113807592	-5.488958289949901
-54.48280683551082	-5.397034763342019
-54.525520151861244	-5.304973410630011
-54.5678315491321	-5.212775533992006
-54.60973148932838	-5.120442435606141
-54.651210434455024	-5.027975417650549
-54.69225884651702	-4.935375782303362
-54.73286718751934	-4.842644831742714
-54.77302591946692	-4.749783868146738
-54.812725504364714	-4.656794193693569
-54.85195640421773	-4.563677110561337
-54.890709081030884	-4.470433920928178
-54.92897399680916	-4.377065926972223
-54.96674161355754	-4.2835744308716075
-55.004002393280935	-4.189960734804464
-55.04074679798436	-4.096226140948924
-55.07696528967275	-4.002371951483125
-55.112648330351064	-3.908399468585196
-55.147786382024314	-3.8143099944332746
-55.18236990669738	-3.720104831205491
-55.2163893663753	-3.6257852810799784
-55.249835223063	-3.531352646234871
-55.28269878836452	-3.436808228848303
-55.31498079003617	-3.342153331098406
-55.34668781905216	-3.247389255163314
-55.377826555020675	-3.1525173032211615
-55.40840367754994	-3.0575387774500813
-55.4384258662481	-2.9624549800282036
-55.46789980072336	-2.867267213133666
-55.496832160583864	-2.7719767789446
-55.52522962543783	-2.6765849796391383
-55.553098874893436	-2.581093117395416
-55.580446588558885	-2.485502494391564
-55.60727944604233	-2.389814412805718
-55.63360412695196	-2.2940301748160095
-55.65942731089596	-2.1981510826005723
-55.68475567748251	-2.102178438337542
-55.70959590631981	-2.0061135442050477
-55.73395467701604	-1.909957702381227
-55.757838669179364	-1.813712215044209
-55.78125456241799	-1.7173783843721302
-55.80420903634007	-1.620957512543121
-55.826708770553815	-1.5244509017353187
-55.84876044466743	-1.4278598541268548
-55.87037073828904	-1.3311856718958615
-55.89154633102686	-1.2344296572204732
-55.91229390248908	-1.1375931122788208
-55.93262013228385	-1.0406773392490432
-55.95253170001942	-0.9436836403092688
-55.97203528530389	-0.8466133176376321
-55.9911375677455	-0.749467673412267
-56.00984522695241	-0.652248009811305
-56.028164942532825	-0.5549556290128828
-56.04610339409492	-0.45759183319513175
-56.063667261246856	-0.36015792453618445
-56.08086322359685	-0.26265520521417396
-56.09769796075307	-0.16508497740723538
-56.11417815232369	-0.06744854329350236
-56.1303104779169	0.030252794948892214
-56.14610161714089	0.1280177351418168
-56.16155824960383	0.22584497510713897
-56.17668705491392	0.32373321266672206
-56.191494712679344	0.42168114564243275
-56.20598790250828	0.5196874718561395
-56.22017330400889	0.6177508891297092
-56.23405759678938	0.7158700952850088
-56.247647460457934	0.8140437881439033
-56.26094957462274	0.9122706655282595
-56.273970618891966	1.010549425259945
-56.286717272873815	1.108878765160827
-56.29919621617644	1.207257383052772
-56.31141412840805	1.3056839767576445
-56.32337768917681	1.4041572440973127
-56.33509357809093	1.5026758828936442
-56.34656847475857	1.6012385909685045
-56.35780905878793	1.6998440661437624
-56.36882200978718	1.7984910062412813
-56.379614007364495	1.89717810908293
-56.390191731128084	1.995904072490574
-56.40056186068613	2.0946675942860806
-56.41073107564679	2.1934673722913183
-56.420706055618254	2.29230210432815
-56.430493480208725	2.391170488218445
-56.440100029026375	2.490071221784069
-56.449532381679376	2.58900300284689
-56.45879721777594	2.6879645292287746
-56.46790121692422	2.786954498751587
-56.476851058732414	2.885971609237195
-56.4856534228087	2.9850145585074666
-56.494314988761275	3.0840820443842665
-56.50284243619832	3.1831727646894654
-56.51124244461875	3.282285417266077
-56.51952058155004	3.3814189152982816
-56.52767856596563	3.480572917269927
-56.5357172848096	3.579747242793254
-56.543637625025994	3.6789417114805065
-56.55144047355886	3.7781561429439194
-56.559126717352235	3.8773903567957353
-56.566697243350205	3.9766441726481925
-56.5741529384968	4.075917410113533
-56.581494689736054	4.175209888803998
-56.58872338401204	4.274521428331824
-56.595839908268786	4.373851848309253
-56.60284514945035	4.473200968348524
-56.609739994500785	4.5725686080618795
-56.61652533036415	4.671954587061558
-56.6232020439845	4.771358724959798
-56.62977102230584	4.870780841368841
-56.63623315227227	4.970220755900928
-56.64258932082782	5.069678288168297
-56.64884041491651	5.169153257783191
-56.654987321482444	5.268645484357847
-56.66103092746964	5.368154787504508
-56.66697211982216	5.4676809868354095
-56.672811785484036	5.567223901962797
-56.67855081139933	5.666783352498908
-56.684190084512096	5.766359158055982
-56.689730491766376	5.865951138246259
-56.695172920106224	5.96555911268198
-56.700518256475675	6.065182900975384
-56.70576738781881	6.164822322738716
-56.710921201079664	6.264477197584207
-56.71598058320225	6.3641473451241035
-56.72094642113068	6.463832584970647
-56.72581960180895	6.563532736736068
-56.73060101218116	6.663247620032618
-56.7352915391913	6.762977054472529
-56.73989206978347	6.862720859668047
-56.74440349090172	6.962478855231409
-56.748826689490066	7.062250860774855
-56.753162552492554	7.162036695910625
-56.757411966853276	7.261836180250959
-56.761575819516246	7.361649133408098
-56.765654997425536	7.461475374994285
-56.76965038752518	7.56131472462175
-56.773562876759236	7.661167001902746
-56.777393352071755	7.761032026449502
-56.781142700406775	7.860909617874265
-56.78481180870837	7.9607995957892745
-56.78840156392056	8.060701779806765
-56.791912852987394	8.160615989538982
-56.79534656285296	8.260542044598166
-56.79870358046127	8.360479764596551
-56.801984792756386	8.460428969146387
-56.80519108668236	8.560389477859903
-56.808323349183254	8.660361110349347
-56.811382467203074	8.760343686226955
-56.814369327685924	8.860337025104968
-56.817284817575825	8.960340946595633
-56.82012982381681	9.060355270311174
-56.82290523335297	9.160379815863845
-56.82561193312832	9.260414402865884
-56.82825081008695	9.360458850929524
-56.83082275117285	9.460512979667014
-56.83332864333011	9.560576608690583
-56.835769373502785	9.660649557612484
-56.83814582863491	9.76073164604495
-56.840458895670515	9.860822693600221
-56.8427094615537	9.960922519890541
-56.844898413228464	10.06103094452814
-56.8470266376389	10.161147787125273
-56.84909502172902	10.261272867294169
-56.85110445244288	10.361406004647069
-56.85305581672456	10.46154701879622
-56.85495000151809	10.561695729353852
-56.856787893767496	10.661851955932216
-56.85857038041687	10.762015518143544
-56.86029834841023	10.862186235600074
-56.861972684691665	10.96236392791406
-56.863594276205156	11.062548414697723
-56.865164009894805	11.16273951556332
-56.86668277270467	11.262937050123083
-56.86815145157876	11.363140837989247
-56.86957093346117	11.463350698774066
-56.8709421052959	11.563566452089763
-56.872265854027034	11.663787917548593
-56.873543066598614	11.764014914762791
-56.87477462995469	11.864247263344593
-56.87596143103931	11.964484782906247
-56.87710435679652	12.064727293059981
-56.87820429417036	12.164974613418048
-56.879262130104905	12.265226563592682
-56.88027875154419	12.365482963196119
-56.88125504543228	12.46574363184061
-56.88219189871321	12.56600838913838
-56.88309019833102	12.666277054701686
-56.88395083122977	12.766549448142756
-56.88477468435351	12.866825389073833
-56.885562644646306	12.967104697107162
-56.88631559905217	13.067387191854971
-56.88703443451518	13.167672692929514
-56.887720037979385	13.267961019943026
-56.88837329638881	13.36825199250774
-56.888995096687545	13.468545430235908
-56.88958632581963	13.568841152739761
-56.89014787072907	13.669138979631542
-56.890680618359966	13.769438730523495
-56.89118545565633	13.86974022502785
-56.89166326956226	13.970043282756862
-56.89211494702176	14.070347723322755
-56.8925413749789	14.170653366337781
-56.89294344037771	14.270960031414171
-56.893322030162274	14.371267538164172
-56.89367803127662	14.471575706200028
-56.89401233066479	14.571884355133962
-56.89432581527085	14.672193304578228
-56.89461937203884	14.772502374145068
-56.894893887912815	14.872811383446708
-56.89515024983683	14.973120152095408
-56.8953893447549	15.073428499703384
-56.89561205961114	15.173736245882898
-56.89581928134953	15.27404321024618
-56.89601189691416	15.37434921240547
-56.896190793249104	15.474654071973008
-56.89635685729834	15.57495760856104
-56.89651097600596	15.675259641781796
-56.896654036316015	15.775559991247528
-56.896786925172556	15.875858476570464
-56.896910529519644	15.97615491736285
-56.89702573630127	16.076449133236927
-56.897133432461544	16.176740943804933
-56.89723450494448	16.277030168679108
-56.89732984069417	16.377316627471696
-56.89742032665463	16.47760013979493
-56.89750671316527	16.577880556746532
-56.897589193326006	16.67815785786018
-56.897667818168294	16.778432055414406
-56.897742638723464	16.878703161687678
-56.89781370602301	16.978971188958553
-56.89788107109824	17.07923614950551
-56.8979447849806	17.179498055607084
-56.89800489870147	17.27975691954177
-56.89806146329223	17.380012753588083
-56.89811452978434	17.480265570024553
-56.8981641492091	17.58051538112967
-56.89821037259798	17.680762199181952
-56.89825325098235	17.78100603645992
-56.898292835393605	17.88124690524208
-56.89832917686316	17.98148481780694
-56.89836232642239	18.081719786433023
-56.89839233510269	18.181951823398833
-56.89841925393547	18.28218094098288
-56.89844313395212	18.382407151463678
-56.89846402618404	18.482630467119748
-56.89848198166262	18.58285090022959
-56.89849705141924	18.683068463071724
-56.89850928648534	18.78328316792466
-56.89851873789229	18.883495027066903
-56.89852545667148	18.983704052776982
-56.89852949385431	19.083910257333397
-56.8985309004722	19.18411365301466
-56.89852972755651	19.284314252099286
-56.89852602613866	19.384512066865785
-56.89851984725003	19.484707109592673
-56.89851124192203	19.584899392558455
-56.89850026118605	19.685088928041647
-56.898486956073484	19.78527572832077
-56.898471377615756	19.885459805674326
-56.898453576844204	19.985641172380827
-56.89843360479027	20.08581984071879
-56.89841151248534	20.18599582296672
-56.89838735096083	20.286169131403145
-56.898361171248084	20.386339778306553
-56.898333024378545	20.48650777595548
-56.89830296138358	20.586673136628416
-56.89827103329461	20.686835872603893
-56.89823729114302	20.78699599616041
-56.898201785960204	20.887153519576486
-56.89816456877755	20.987308455130634
-56.89812569062647	21.08746081510136
-56.89808520253836	21.18761061176718
-56.89804315554461	21.287757857406604
-56.89799960067664	21.38790256429815
-56.89795458896578	21.488044744720323
-56.8979081714435	21.588184410951634
-56.89786039914115	21.688321575270603
-56.897811323090146	21.788456249955736
-56.89776099432189	21.888588447285557
-56.89770946386775	21.98871817953856
-56.897656782759164	22.08884545899327
-56.89760300202748	22.188970297928183
-56.89754817270413	22.28909270862184
-56.89749234582051	22.389212703352726
-56.89743557240799	22.48933029439936
-56.897377903497976	22.58944549404027
-56.8973193901219	22.68955831455395
-56.89726008331112	22.789668768218913
-56.89720003409701	22.88977686731368
-56.89713929351104	22.98988262411676
-56.89707791258452	23.089986050906663
-56.89701594234892	23.19008715996191
-56.8969534338356	23.290185963560994
-56.896890438075964	23.390282473982445
-56.89682700610139	23.49037670350476
-56.89676318894332	23.590468664406472
-56.89669903763309	23.690558368966077
-56.89663460320213	23.790645829462097
-56.896569936681836	23.89073105817303
-56.89650508910361	23.990814067377396
-56.89644011149885	24.09089486935371
-56.896375054898904	24.190973476380485
-56.89630997033523	24.29104990073623
-56.8962449088392	24.391124154699455
-56.89617992144221	24.491196250548672
-56.89611505917565	24.591266200562405
-56.89605037307092	24.691334017019155
-56.895985914159446	24.791399712197432
-56.89592173347256	24.89146329837575
-56.89585788204172	24.991524787832624
-56.89579441089829	25.091584192846565
-56.895731371073666	25.191641525696102
-56.89566881359925	25.29169679865971
-56.895606789506466	25.39175002401593
-56.89554534982666	25.49180121404326
-56.89548454559127	25.591850381020226
-56.895424427831664	25.691897537225334
-56.89536504757925	25.791942694937084
-56.89530645586542	25.89198586643401
-56.89524870372159	25.992027063994605
-56.89519184217912	26.092066299897397
-56.89513592226943	26.192103586420885
-56.89508099502391	26.292138935843585
-56.89502711147397	26.392172360444015
-56.89497432265099	26.492203872500674
-56.89492267958638	26.592233484292095
-56.8948722333115	26.692261208096777
-56.89482303485781	26.79228705619322
-56.89477513525666	26.892311040859962
-56.89472858553944	26.992333174375496
-56.894683436737544	27.092353469018345
-56.894639739882415	27.192371937067012
-56.89459754600542	27.29238859080002
-56.89455690613795	27.392403442495866
-56.894517871311436	27.49241650443307
-56.8944804925572	27.59242778889016
-56.89444482090671	27.69243730814563
-56.89441090739131	27.792445074477985
-56.89437880304245	27.892451100165758
-56.89434855889148	27.992455397487447
-56.89432022596983	28.09245797872157
-56.89429385530886	28.192458856146644
-56.894269497939995	28.292458042041154
-56.894247204894626	28.39245554868365
-56.89422702720416	28.492451388352627
-56.89420901589996	28.592445573326586
-56.894193222013456	28.692438115884062
-56.89417969657602	28.792429028303545
-56.89416849061906	28.89241832286357
-56.894159655173965	28.99240601184263
-56.89415324127216	29.092392107519235
-56.894149299945	29.192376622171917
-56.89414788222388	29.29235956807917
-56.89414903914024	29.392340957519522
-56.89415282172545	29.492320802771474
-56.89415928101092	29.592299116113537
-56.894168468028	29.692275909824225
-56.894180433808145	29.792251196182058
-56.89419522938271	29.892224987465536
-56.89421290578313	29.992197295953186
-56.894233514040764	30.0921681339235
-56.89425710518703	30.19213751365501
-56.894283730253306	30.292105447426216
-56.89431344027101	30.39207194751563
-56.89434628627152	30.492037026201775
-56.89438231928625	30.592000695763147
-56.894421590346575	30.691962968478283
-56.89446415048391	30.79192385662567
-56.894510050729636	30.891883372483825
-56.89455934211517	30.991841528331282
-56.89461207567189	31.09179833644651
-56.894668302431185	31.19175380910807
-56.89472807342447	31.29170795859444
-56.89479143968313	31.391660797184144
-56.89485845223859	31.491612337155697
-56.894929162122196	31.591562590787603
-56.89500362036537	31.691511570358383
-56.89508187799953	31.791459288146545
-56.89516398605605	31.891405756430604
-56.89524999556631	31.991350987489067
-56.89533995756173	32.09129499360044
-56.89543392307371	32.19123778704326
-56.89553194313363	32.29117938009601
-56.89563406877289	32.39111978503722
-56.89574035102287	32.49105901414541
-56.89585084091501	32.59099707969905
-56.89596558948068	32.6909339939767
-56.89608464775125	32.790869769256844
-56.89620806675816	32.89080441781801
-56.8963358975328	32.990737951938705
-56.89646819110656	33.09067038389744
-56.89660499851082	33.190601725972726
-56.89674637077698	33.29053199044308
-56.89689235893645	33.390461189587
-56.89704301402063	33.490389335683034
-56.897198387060904	33.590316441009634
-56.89735852908865	33.69024251784536
-56.89752349113531	33.790167578468726
-56.89769332423226	33.89009163515822
-56.89786807941087	33.99001470019237
-56.89804780770257	34.08993678584966
-56.89823256013874	34.189857904408655
-56.898422387750784	34.289778068147804
-56.89861734157007	34.38969728934566
-56.89881747262806	34.48961558028075
-56.899022831956074	34.58953295323153
-56.899233470585564	34.68944942047656
-56.8994494395479	34.789364994294345
-56.899670789874484	34.88927968696338
-56.899897572596714	34.989193510762185
-56.90012983874599	35.08910647796927
-56.900367639353696	35.189018600863164
-56.90061102545123	35.288929891722354
-56.900860048069994	35.38884036282536
-56.901114758241384	35.4887500264507
-56.9013752069968	35.588658894876886
-56.90164144536762	35.68856698038243
-56.90191352438528	35.78847429524585
-56.90219149508112	35.888380851745644
-56.902475408486595	35.98828666216033
-56.90276531563304	36.088191738768415
-56.90306126755191	36.18809609384843
-56.90336331527457	36.28799973967886
-56.903671509832414	36.38790268853824
-56.90398590225685	36.487804952705076
-56.904306543579274	36.587706544457866
-56.90463348483107	36.68760747607514
-56.904966777043654	36.787507759835414
-56.905306471248394	36.887407408017175
-56.90565261847671	36.98730643289897
-56.90600526975998	37.08720484675926
-56.90636447612963	37.187102661876615
-56.90673028861702	37.28699989052951
-56.90710275825357	37.38689654499647
-56.90748193607069	37.48679263755601
-56.907867873099725	37.586688180486625
-56.90826062037212	37.68658318606685
-56.90866022891923	37.78647766657518
-56.90906674977251	37.88637163429014
-56.90948023396329	37.98626510149023
-56.90990073252302	38.08615808045397
-56.91032829648305	38.186050583459874
-56.91076297687482	38.28594262278645
-56.91120482472968	38.385834210712204
-56.91165389107908	38.48572535951566
-56.91211022695439	38.585616081475315
-56.91257388338698	38.68550638886971
-56.913044911408285	38.78539629397732
-56.9135233620497	38.885285809076684
-56.914009286342576	38.98517494644631
-56.91450273531837	39.085063718364694
-56.91500376000844	39.18495213711037
-56.915512411444176	39.28484021496183
-56.91602874065701	39.384727964197594
-56.91655279867831	39.48461539709619
-56.91708463653947	39.5845025259361
-56.917624305271914	39.68438936299587
-56.91817185590701	39.78427592055399
-56.91872733947617	39.884162210888974
-56.919290807010796	39.984048246279336
-56.91986230954226	40.08393403900357
-56.92044189810196	40.18381960134024
-56.921029623721324	40.28370494556782
-56.921625537431716	40.38359008396481
-56.92222969026456	40.48347502880975
-56.92284213325124	40.58335979238114
-56.92346291742313	40.683244386957504
-56.92409209381165	40.78312882481733
-56.92472971344819	40.88301311823915
-56.92537582736415	40.98289727950147
-56.92603048659092	41.0827813208828
-56.926693742159905	41.182665254661664
-56.9273656451025	41.28254909311656
-56.928046246450094	41.38243284852601
-56.92873559723407	41.48231653316851
-56.92943374848588	41.58220015932258
-56.93014075123685	41.682083739266744
-56.930856656518415	41.78196728527952
-56.93158151536196	41.88185080963939
-56.93231537879888	41.981734324624895
-56.9330582978606	42.08161784251451
-56.93381032357847	42.18150137558679
-56.934571506983914	42.28138493612022
-56.93534189910833	42.38126853639333
-56.93612155098309	42.48115218868462
-56.93691051363962	42.58103590527259
-56.9377088381093	42.68091969843579
-56.938516575423535	42.7808035804527
-56.93933377661371	42.88068756360184
-56.940160492711236	42.98057166016173
-56.94099677474749	43.08045588241087
-56.94184267375388	43.180340242627786
-56.94269824076179	43.28022475309096
-56.94356352680265	43.380109426078945
-56.94443858290782	43.47999427387023
-56.94532346010871	43.57987930874333
-56.94621820943672	43.67976454297677
-56.94712288192325	43.779649988849044
-56.94803752859967	43.87953565863866
-56.94896220049739	43.979421564624154
-56.94989694864783	44.07930771908402
-56.95084182408237	44.17919413429678
-56.95179687783238	44.27908082254095
-56.95276216092929	44.37896779609501
-56.9537377244045	44.47885506723752
-56.95472361928938	44.57874264824695
-56.95571989661533	44.67863055140184
-56.95672660741375	44.77851878898068
-56.95774380271607	44.87840737326202
-56.95877153355363	44.97829631652432
-56.95980985095786	45.07818563104614
-56.960858805960136	45.17807532910596
-56.961918449591906	45.277965422982305
-56.96298883288448	45.37785592495368
-56.964070006869335	45.47774684729862
-56.965162022577815	45.577638202295596
-56.96626493104135	45.67753000222318
-56.96737878329132	45.77742225935981
-56.968503630359116	45.87731498598405
-56.96963952327614	45.977208194374406
-56.9707865130738	46.07710189680937
-56.97194465078346	46.176996105567476
-56.973113987436555	46.27689083292722
-56.974294574064466	46.37678609116712
-56.975486461698566	46.47668189256571
-56.97668970137029	46.57657824940146
-56.97790434411101	46.676475173952916
-56.97913044095213	46.77637267849857
-56.98036804292505	46.87627077531693
-56.981617201061155	46.97616947668654
-56.982877966391854	47.07606879488589
-56.98415038994854	47.17596874219348
-56.985434522762574	47.27586933088785
-56.98673041586542	47.375770573247486
-56.98803812028842	47.475672481550916
-56.989357687063006	47.57557506807665
-56.99068916722054	47.675478345103215
-56.99203261179244	47.775382324909096
-56.993388071810095	47.8752870197728
-56.9947555983049	47.9751924419729
-56.99613524230827	48.075098603787815
-56.997527054851574	48.17500551749614
-56.99893108696622	48.27491319537634
-57.00034738968361	48.37482164970694
-57.00177601403512	48.474730892766445
-57.003217011052186	48.57464093683338
-57.00467043176616	48.674551794186264
-57.00613632720845	48.77446347710357
-57.00761474841049	48.87437599786385
-57.00910574640362	48.974289368745616
-57.010609372219264	49.07420360202735
-57.01212567688883	49.1741187099876
-57.01365471144368	49.274034704904835
-57.01519652691526	49.373951599057605
-57.0167511743349	49.473869404724425
-57.01831870473406	49.57378813418377
-57.019899169144104	49.67370779971418
-57.021492618596426	49.77362841359415
-57.02309910081845	49.87354998775138
-57.024718589870595	49.9734725262915
-57.0263509874153	50.07339602563273
-57.02799619206471	50.1733204818695
-57.02965410243103	50.273245891096145
-57.031324617126444	50.37317224940708
-57.03300763476318	50.4730995528967
-57.03470305395338	50.57302779765938
-57.03641077330927	50.67295697978953
-57.03813069144304	50.772887095381485
-57.039862706966865	50.872818140529645
-57.04160671849296	50.97275011132846
-57.043362624633495	51.07268300387225
-57.045130324000674	51.17261681425543
-57.04690971520668	51.27255153857236
-57.04870069686372	51.372487172917445
-57.05050316758396	51.47242371338508
-57.05231702597962	51.57236115606964
-57.0541421706629	51.67229949706553
-57.05597850024594	51.77223873246711
-57.05782591334099	51.87217885836877
-57.059684308560215	51.97211987086491
-57.061553584515806	52.072061766049906
-57.063433639819976	52.17200454001816
-57.06532437308489	52.271948188864044
-57.06722568292275	52.371892708681926
-57.06913746794576	52.471838095566234
-57.071059626766065	52.571784345611334
-57.072992057995926	52.67173145491164
-57.07493466024751	52.77167941956147
-57.076887332132976	52.87162823565526
-57.078849972264564	52.97157789928741
-57.08082247925443	53.07152840655228
-57.08280475171479	53.171479753544254
-57.084796688257825	53.271431936357736
-57.086798187495724	53.37138495108709
-57.08880914804068	53.47133879382673
-57.0908294685049	53.57129346067105
-57.09285904750055	53.67124894771438
-57.09489778363985	53.77120525105115
-57.09694557553498	53.87116236677574
-57.09900232179813	53.971120290982554
-57.1010679210415	54.07107901976593
-57.10314227187727	54.1710385492203
-57.105225272917636	54.27099887544005
-57.107316822774784	54.370959994519524
-57.10941682006093	54.47092190255315
-57.111525163388244	54.570884595635306
-57.11364175136893	54.67084806986036
-57.115766482615165	54.77081232132271
-57.11789925573918	54.87077734611676
-57.1200399693531	54.97074314033689
-57.122188522069166	55.070709700077444
-57.12434481249956	55.17067702143288
-57.12650873925651	55.27064510049752
-57.12868020095212	55.370613933365775
-57.13085909619866	55.47058351613206
-57.133045323608286	55.57055384489071
-57.13523878179321	55.67052491573615
-57.137439369365616	55.77049672476275
-57.139646984937684	55.87046926806489
-57.14186152712162	55.970442541736986
-57.14408289452961	56.070416541873385
-57.146310985773866	56.17039126456851
-57.148545699466545	56.270366705916736
-57.15078693421986	56.37034286201243
-57.15303458864601	56.47031972895001
-57.155288561357175	56.570297302823825
-57.157548750965546	56.67027557972831
-57.159815056083325	56.770254555757795
-57.1620873753227	56.870234227006705
-57.16436560729585	56.970214589569444
-57.16664965061499	57.07019563954033
-57.168939403892296	57.17017737301383
-57.17123476573996	57.27015978608426
-57.173535634770175	57.37014287484605
-57.175841909595164	57.470126635393584
-57.17815348882707	57.57011106382123
-57.18047027107812	57.670096156223394
-57.182792154960474	57.77008190869444
-57.185119039086366	57.87006831732878
-57.18745082206796	57.9700553782208
-57.189787402517446	58.07004308746483
-57.192128679047016	58.170031441155345
-57.19447455026889	58.270020435386655
-57.19682491479525	58.3700100662532
-57.19917967123825	58.47000032984935
-57.20153871821013	58.56999122226948
-57.20390195432306	58.66998273960797
-57.20626927818922	58.769974877959235
-57.20864058842085	58.86996763341765
-57.21101578363008	58.96996100207761
-57.213394762429154	59.06995498003347
-57.215777423430225	59.16994956337965
-57.21816366524553	59.2699447482105
-57.2205533864872	59.36994053062044
-57.222946485767466	59.46993690670388
-57.22534286169852	59.56993387255513
-57.22774241289255	59.66993142426865
-57.23014503796174	59.769929557938774
-57.23255063551831	59.869928269659916
-57.234959104174415	59.969927555526475
-57.237370342542256	60.0699274116328
-57.23978424923405	60.169927834073334
-57.242200722861966	60.269928818942375
-57.244619662038204	60.3699303623344
-57.24704096537494	60.469932460343735
-57.2494645314844	60.56993510906479
-57.25189025897873	60.66993830459196
-57.254318046470175	60.76994204301962
-57.2567477925709	60.869946320442146
-57.25917939589308	60.969951132953966
-57.26161275504894	61.06995647664942
-57.26404776865065	61.16996234762291
-57.266484335310416	61.26996874196883
-57.2689223536404	61.36997565578156
-57.27136172225285	61.46998308515549
-57.27380233975991	61.569991026185015
-57.27624410477381	61.6699994749645
-57.27868691590669	61.77000842758834
-57.28113067177078	61.87001788015091
-57.28357527097827	61.97002782874665
-57.28602061214134	62.07003826946988
-57.288466593872194	62.17004919841502
-57.290913114783024	62.270060611676456
-57.293360073486	62.37007250534856
-57.29580736859336	62.47008487552574
-57.298254898717246	62.57009771830234
-57.30070256246988	62.67011102977282
-57.30315025846343	62.770124806031504
-57.305597885310114	62.87013904317278
-57.30804534162211	62.97015373729107
-57.31049252601163	63.07016888448074
-57.31293933709083	63.17018448083619
-57.31538567347194	63.270200522451795
-57.317831433767125	63.370217005421935
-57.32027651658859	63.470233925841
-57.322720820548525	63.570251279803394
-57.32516424425911	63.67026906340349
-57.327606686332565	63.77028727273565
-57.33004804538107	63.87030590389431
-57.33248822001679	63.97032495297384
-57.33492710885195	64.0703444160686
-57.337364610498724	64.170364289273
-57.33980062356933	64.27038456868142
-57.342235046675924	64.37040525038825
-57.34466777843074	64.47042633048788
-57.34709871744593	64.57044780507469
-57.34952776233371	64.67046967024308
-57.35195481170626	64.7704919220874
-57.354379764175775	64.87051455670208
-57.35680251835445	64.97053757018149
-57.35922297285448	65.07056095861999
-57.36164102628804	65.17058471811202
-57.36405657726736	65.27060884475193
-57.36646952440461	65.3706333346341
-57.36887976631196	65.47065818385296
-57.37128720160163	65.57068338850283
-57.37369172888581	65.67070894467817
-57.37609324677667	65.7707348484733
-57.37849165388642	65.87076109598266
-57.38088684882728	65.9707876833006
-57.38327873021139	66.07081460652152
-57.38566719665095	66.1708418617398
-57.3880521467582	66.27086944504987
-57.390433479145265	66.37089735254604
-57.39281109242441	66.47092558032277
-57.395184885207755	66.57095412447438
-57.39755475610755	66.6709829810953
-57.39992060373594	66.77101214627993
-57.40228232670516	66.87104161612261
-57.404639823627384	66.97107138671775
-57.4069929931148	67.07110145415973
-57.40934173377959	67.17113181454296
-57.411685944233966	67.27116246396179
-57.41402552309012	67.37119339851067
-57.41636036896022	67.47122461428388
-57.41869038045648	67.57125610737592
-57.421015456191114	67.67128787388108
-57.42333549477627	67.77131990989383
-57.42565039482415	67.87135221150852
-57.42796005494695	67.97138477481951
-57.430264373756884	68.0714175959212
-57.432563249866135	68.17145067090804
-57.434856581886855	68.27148399587432
-57.43714426843128	68.3715175669145
-57.4394262081116	68.47155138012292
-57.44170229953999	68.57158543159399
-57.44397244132864	68.67161971742209
-57.44623653208976	68.7716542337016
-57.44849447043553	68.87168897652694
-57.45074615497816	68.97172394199242
-57.45299148432982	69.07175912619252
-57.455230357102714	69.17179452522157
-57.45746262705668	69.27183013517399
-57.4596878550231	69.37186595214412
-57.46190548424504	69.47190197222639
-57.46411495764866	69.57193819151516
-57.46631571816002	69.67197460610483
-57.46850720870524	69.77201121208981
-57.47068887221039	69.87204800556444
-57.47286015160161	69.9720849826231
-57.47502048980496	70.07212213936023
-57.47716932974656	70.17215947187019
-57.47930611435251	70.27219697624734
-57.48143028654887	70.37223464858613
-57.48354128926181	70.4722724849809
-57.48563856541737	70.57231048152603
-57.487721557941676	70.67234863431595
-57.4897897097608	70.77238693944498
-57.49184246380087	70.87242539300757
-57.493879262987996	70.9724639910981
-57.49589955024823	71.0725027298109
-57.49790276850771	71.17254160524043
-57.4998883606925	71.27258061348101
-57.50185576972873	71.37261975062708
-57.503804438542495	71.472659012773
-57.50573381005989	71.57269839601315
-57.507643327207006	71.67273789644194
-57.50953243290993	71.77277751015376
-57.5114005700948	71.87281723324297
-57.513247181687674	71.97285706180394
-57.51507171061467	72.0728969919311
-57.5168735998019	72.17293701971884
-57.518652292175446	72.27297714126153
-57.5204072306614	72.37301735265355
-57.522137858185864	72.47305764998927
-57.52384361767496	72.5730980293631
-57.525523952054755	72.67313848686943
-57.52717830425137	72.77317901860265
-57.5288061171909	72.87321962065712
-57.53040683379944	72.97326028912727
-57.53197989700307	73.07330102010742
-57.5335247497279	73.17334180969205
-57.53504083490007	73.27338265397546
-57.53652759544563	73.37342354905208
-57.5379844742907	73.47346449101627
-57.539410914361355	73.57350547596245
-57.54080635858373	73.67354649998498
-57.54217024988386	73.77358755917825
-57.54350203118794	73.87362864963669
-57.544801145422	73.97366976745461
-57.54606703551216	74.07371090872644
-57.54729914438452	74.17375206954658
-57.548496914965156	74.27379324600938
-57.549659790180186	74.37383443420927
-57.55078721295572	74.47387563024057
-57.551878626217835	74.57391683019775
-57.55293347289264	74.67395803017513
-57.55395119590624	74.77399922626712
-57.5549312381847	74.87404041456816
-57.55587304265417	74.97408159117252
-57.55677605224071	75.07412275217467
-57.557639709870436	75.174163893669
-57.55846345846945	75.27420501174987
-57.559246740963836	75.37424610251166
-57.55998900027969	75.47428716204877
-57.56068967934314	75.57432818645559
-57.561348221080266	75.6743691718265
-57.56196406841714	75.77441011425587
-57.56253666427992	75.87445100983813
-57.56306545159466	75.9744918546676
-57.56354987328748	76.07453264483875
-57.56398937228445	76.1745733764459
-57.5643833915117	76.27461404558348
-57.564731373895306	76.37465464834585
-57.5650327623614	76.47469518082741
-57.56528699983604	76.57473563912251
-57.56549352924534	76.6747760193256
-57.56565179351542	76.774816317531
-57.56576123557236	76.87485652983318
-57.56582129834224	76.97489665232644
-57.5658314247512	77.0749366811052
-57.565791057725306	77.17497661226386
-57.56569964019067	77.27501644189678
-57.565556615073405	77.3750561660984
-57.56536142529957	77.47509578096304
-57.56511351379529	77.57513528258512
-57.56481232348666	77.67517466705905
-57.564457297299796	77.77521393047915
-57.56404787816078	77.87525306893986
-57.563583508995684	77.97529207853556
-57.563063632730675	78.07533095536061
-57.562487692291775	78.17536969550943
-57.56185513060513	78.2754082950764
-57.561165390596834	78.37544675015587
-57.560417915192964	78.47548505684226
-57.559612194417056	78.57552321122996
-57.558748358715576	78.67556120941339
-57.55782700059025	78.77559904748685
-57.556848722770724	78.87563672154478
-57.55581412798662	78.97567422768155
-57.55472381896755	79.07571156199155
-57.55357839844317	79.17574872056919
-57.55237846914309	79.27578569950882
-57.55112463379695	79.37582249490485
-57.54981749513437	79.47585910285167
-57.54845765588498	79.57589551944365
-57.54704571877843	79.67593174077518
-57.5455822865443	79.77596776294064
-57.544067961912255	79.87600358203446
-57.54250334761193	79.97603919415097
-57.540889046372925	80.0760745953846
-57.53922566092488	80.1761097818297
-57.53751379399744	80.27614474958065
-57.53575404832022	80.3761794947319
-57.533947026622826	80.47621401337776
-57.53209333163494	80.57624830161267
-57.53019356608614	80.67628235553101
-57.52824833270607	80.77631617122717
-57.52625823422436	80.87634974479549
-57.524223873370666	80.97638307233039
-57.52214585287458	81.07641614992627
-57.52002477546573	81.1764489736775
-57.517861243873774	81.27648153967847
-57.51565586082833	81.37651384402356
-57.51340922905899	81.47654588280716
-57.51112195129543	81.57657765212366
-57.50879463026727	81.67660914806748
-57.50642786870411	81.77664036673292
-57.50402226933561	81.87667130421444
-57.50157843489139	81.9767019566064
-57.499096968101064	82.07673232000319
-57.49657847169428	82.17676239049923
-57.494023548400655	82.27679216418883
-57.49143280094982	82.37682163716644
-57.488806832071425	82.47685080552642
-57.486146244495046	82.57687966536318
-57.483451640950356	82.67690821277111
-57.480723624166984	82.77693644384453
-57.47796279687452	82.8769643546779
-57.47516976180265	82.97699194136555
-57.47234512168095	83.07701920000194
-57.46948947923907	83.1770461266814
-57.46660343720662	83.27707271749833
-57.463687598313285	83.3770989685471
-57.460742565288626	83.47712487592213
-57.45776894086232	83.57715043571778
-57.45476732776399	83.67717564402847
-57.4517383287232	83.77720049694852
-57.448682546469676	83.87722499057242
-57.44560058373297	83.97724912099444
-57.44249304324275	84.07727288430904
-57.43936052772863	84.17729627661063
-57.43620363992025	84.2773192939935
-57.43302298254724	84.37734193255211
-57.4298191583392	84.47736418838082
-57.4265927700258	84.57738605757405
-57.42334442033663	84.67740753622617
-57.42007471200136	84.77742862043154
-57.41678424774956	84.87744930628453
-57.413473630310925	84.9774695898796
-57.41014346241504	85.0774894673111
-57.40679434679154	85.17750893467343
-57.40342688617006	85.27752798806094
-57.40004168328022	85.37754662356804
-57.396639340851685	85.47756483728908
-57.393220461614014	85.57758262531853
-57.389785648296915	85.67759998375074
-57.386335503629965	85.77761690868005
-57.382870630342794	85.87763339620088
-57.379391631165056	85.97764944240762
-57.37589910882634	86.07766504339465
-57.372393666056325	86.1776801952564
-57.3688759055846	86.27769489408719
-57.36534643014082	86.37770913598143
-57.361805842454594	86.4777229170335
-57.35825474525555	86.5777362333378
-57.354693741273344	86.67774908098878
-57.351123433237575	86.77776145608067
-57.34754442387788	86.877773354708
-57.3439573159239	86.97778477296507
-57.34036271210523	87.07779570694632
-57.33676121515153	87.17780615274611
-57.33315342779244	87.27781610645883
-57.32953995275756	87.37782556417889
-57.3259213927765	87.47783452200062
-57.32229835057895	87.57784297601846
-57.318671428894476	87.67785092232681
-57.31504123045274	87.77785835701998
-57.31140835798338	87.87786527619244
-57.30777341421601	87.9778716759385
-57.304137001880235	88.07787755235262
-57.30049972347726	88.17788290152914
-57.29686208930295	88.27788771956244
-57.29322437658518	88.37789200254696
-57.28958682629002	88.47789574657703
-57.28594967938358	88.57789894774707
-57.282313176831956	88.67790160215145
-57.278677559601235	88.77790370588455
-57.2750430686575	88.87790525504077
-57.27140994496688	88.97790624571452
-57.2677784294954	89.07790667400013
-57.26414876320922	89.17790653599205
-57.26052118707439	89.27790582778462
-57.25689594205702	89.37790454547223
-57.2532732691232	89.47790268514927
-57.249653409239016	89.57790024291016
-57.24603660337057	89.67789721484927
-57.242423092483946	89.77789359706094
-57.238813117545256	89.87788938563963
-57.235206919520564	89.97788457667964
-57.231604739375946	90.07787916627545
-57.22800681807757	90.1778731505214
-57.224413396591444	90.27786652551187
-57.22082471588371	90.37785928734127
-57.21724101692047	90.47785143210395
-57.21366254066778	90.57784295589434
-57.21008952809172	90.67783385480679
-57.20652222015844	90.77782412493572
-57.20296085783399	90.8778137623755
-57.19940568208449	90.9778027632205
-57.195856933876	91.0777911235651
-57.19231485417463	91.17777883950379
-57.18877968394647	91.27776590713083
-57.1852516641576	91.37775232254063
-57.18173103577414	91.47773808182761
-57.17821803976218	91.57772318108616
-57.17471291708779	91.67770761641066
-57.17121590871707	91.77769138389546
-57.16772725561612	91.877674479635
-57.164247198751006	91.9776568997236
-57.16077597908786	92.07763864025573
-57.15731383759274	92.17761969732575
-57.153861015231776	92.27760006702799
-57.15041775297103	92.3775797454569
-57.1469842917766	92.47755872870682
-57.143560872614586	92.57753701287218
-57.14014773645107	92.67751459404738
-57.136745124252144	92.77749146832673
-57.13335327698392	92.87746763180468
-57.129972435612466	92.97744308057558
-57.126602841103896	93.07741781073385
-57.12324473442428	93.17739181837386
-57.11989835653973	93.27736509959
-57.116563948416314	93.37733765047665
-57.11324175102016	93.47730946712818
-57.109932005317326	93.577280545639
-57.10663495227393	93.67725088210355
-57.10335083285603	93.7772204726161
-57.10007988802977	93.87718931327109
-57.0968223587612	93.97715740016297
-57.093578486016426	94.07712472938603
-57.09034851076154	94.1770912970347
-57.08713267396264	94.27705709920338
-57.083931216585796	94.37702213198641
-57.08074437959714	94.47698639147822
-57.07757240396275	94.57694987377317
-57.07441553064867	94.6769125749657
-57.07127400062108	94.77687449115012
-57.068148054846	94.87683561842087
-57.065037934289535	94.97679595287231
-57.06194387991782	95.07675549059883
-57.0588661326969	95.17671422769486
-57.055804933592874	95.27667216025469
-57.05276052357185	95.3766292843728
-57.04973314359993	95.47658559614352
-57.04672303464318	95.57654109166128
-57.043730437667705	95.67649576702044
-57.040755593639595	95.77644961831541
-57.03779874352495	95.87640264164054
-57.034860128289836	95.97635483309023
-57.03193998890038	96.07630618875886
-57.02903856632265	96.17625670474085
-57.02615610152278	96.27620637713055
-57.02329283546679	96.37615520202237
-57.020449009120824	96.47610317551067
-57.017624863450976	96.57605029368987
-57.01482063942331	96.67599655265434
-57.012036578003936	96.77594194849847
-57.00927292015894	96.87588647731664
-57.006529906854425	96.97583013520324
-57.00380777905648	97.07577291825267
-57.00110677773119	97.1757148225593
-56.99842714384466	97.27565584421751
-56.99576911836296	97.3755959793217
-56.993132942252196	97.47553522396625
-56.99051885647845	97.57547357424554
-56.987927102007845	97.675411026254
-56.98535791980644	97.77534757608595
-56.98281155084035	97.87528321983582
-56.98028823607565	97.97521795359798
-56.977788216478444	98.07515177346681
-56.97531173301481	98.17508467553675
-56.972859026650866	98.27501665590209
-56.970430338352685	98.37494771065732
-56.96802590908637	98.47487783589678
-56.965645979817985	98.57480702771483
-56.96329079151365	98.6747352822059
-56.96096058513946	98.77466259546432
-56.9586556016615	98.87458896358457
-56.95637608204586	98.97451438266094
-56.95412226725862	99.07443884878788
-56.95189439826591	99.17436235805977
-56.949692716033766	99.27428490657097
-56.947517461528335	99.37420649041586
-56.945368875715666	99.47412710568886
-56.943247199561895	99.5740467484843
-56.94115267403308	99.67396541489668
-56.93908554009532	99.77388310102026
-56.93704603871472	99.87379980294952
-56.93503441085737	99.97371551677878
-56.933050897489345	100.07363023860243
-56.93109573957674	100.17354396451495
-56.92916917808567	100.27345669061062
-56.92727145398222	100.37336841298385
-56.92540280823247	100.47327912772901
-56.9235634818025	100.5731888309406
-56.92175371565845	100.67309751871291
-56.91997375076637	100.77300518714026
-56.91822382809236	100.87291183231719
-56.91650418860252	100.97281745033796
-56.91481507326296	101.07272203729705
-56.91315672303971	101.17262558928883
-56.911529378898955	101.27252810240762
-56.9099332818067	101.37242957274786
-56.90836867272909	101.47232999640391
-56.90683579263219	101.57222936947021
-56.905334882482116	101.6721276880411
-56.90386618324494	101.77202494821094
-56.902429935886765	101.87192114607419
-56.9010263813737	101.97181627772517
-56.899655760671784	102.07171033925829
-56.898318314747144	102.17160332676798
-56.89701428456591	102.27149523634856
-56.895743911094115	102.37138606409445
-56.89450743529787	102.47127580610007
-56.893305098143266	102.57116445845969
-56.89213714059641	102.67105201726785
-56.89100380362338	102.77093847861883
-56.88990532819026	102.87082383860707
-56.88884195526317	102.97070809332689
-56.88781392580818	103.07059123887274
-56.886821480791404	103.170473271339
-56.88586486117891	103.27035418682004
-56.88494430793679	103.37023398141024
-56.88406006203115	103.470112651204
-56.88321236442806	103.5699901922957
-56.88240145609369	103.66986660077976
-56.88162757799402	103.76974187275053
-56.88089097109521	103.8696160043024
-56.88019187636333	103.9694889915297
-56.8795305347645	104.06936083052692
-56.878907187264765	104.16923151738844
-56.87832207483027	104.2691010482086
-56.87777543842708	104.36896941908175
-56.87726751902129	104.46883662610236
-56.87679855757897	104.56870266536475
-56.87636879506625	104.66856753296338
-56.8759784724492	104.76843122499257
-56.87562783069393	104.86829373754672
-56.87531711076652	104.96815506672023
-56.875046553633055	105.06801520860748
-56.87481640025964	105.16787415930287
-56.874626891612365	105.26773191490079
-56.87447826865731	105.36758847149557
-56.874370772360585	105.46744382518166
-56.874304643688276	105.56729797205342
-56.87428012360649	105.66715090820527
-56.87429745308129	105.76700262973154
-56.87435687307876	105.86685313272667
-56.87445862456505	105.96670241328496
-56.87460294850621	106.06655046750092
-56.87479008586832	106.16639729146888
-56.87502027761751	106.26624288128318
-56.875293764719835	106.36608723303827
-56.87561078814142	106.4659303428285
-56.875971588848344	106.56577220674828
-56.8763764078067	106.66561282089202
-56.87682548598257	106.76545218135402
-56.87731906434207	106.86529028422876
-56.87785738385126	106.96512712561056
-56.87844068547628	107.06496270159384
-56.879069210183175	107.16479700827301
-56.87974319893804	107.26463004174241
-56.88046289270699	107.36446179809641
-56.88122853245612	107.46429227342946
-56.88204035915152	107.5641214638359
-56.882898613759245	107.66394936541016
-56.88380353724544	107.7637759742466
-56.884755370576165	107.86360128643959
-56.88575435471753	107.96342529808354
-56.8868007306356	108.06324800527281
-56.887894739296506	108.16306940410183
-56.889036621666314	108.26288949066496
-56.89022661871113	108.36270826105658
-56.891464971397035	108.46252571137109
-56.89275192069012	108.56234183770289
-56.89408770755649	108.66215663614634
-56.89547257296221	108.7619701027958
-56.89690675787341	108.86178223374571
-56.89839050325617	108.96159302509045
-56.899924050076564	109.06140247292439
-56.9015076393007	109.16121057334192
-56.90314151189466	109.26101732243745
-56.904825908824556	109.36082271630532
-56.90656107105647	109.46062675103995
-56.908347239556484	109.56042942273572
-56.910184655290706	109.66023072748703
-56.912073559225234	109.76003066138821
-56.914014192326135	109.8598292205337
-56.91600679555951	109.95962640101789
-56.91805160989146	110.05942219893514
-56.920148876288074	110.15921661037984
-56.92229883571544	110.25900963144645
-56.92450172913965	110.3588012582292
-56.926757797526804	110.45859148682261
-56.929067281843	110.55838031332102
-56.931430423054294	110.65816773381886
-56.933847462126835	110.7579537444104
-56.93631864002667	110.85773834119016
-56.93884419771991	110.95752152025243
-56.94142437617264	111.05730327769167
-56.94405941635097	111.15708360960221
-56.94674955922096	111.25686251207847
-56.94949504574873	111.35663998121487
-56.95229611690036	111.45641601310568
-56.95515301364195	111.55619060384538
-56.95806597693958	111.65596374952838
-56.961035247759355	111.75573544624896
-56.96406106706737	111.85550569010158
-56.9671436758297	111.95527447718064
-56.970283315012466	112.05504180358048
-56.973480225581724	112.15480766539555
-56.976734648503566	112.25457205872019
-56.98004682474413	112.35433497964874
-56.98341699526948	112.45409642427569
-56.98684539612245	112.55385638869535
-56.99033219883959	112.65361486900215
-56.99387752960449	112.75337186129042
-56.99748151365766	112.8531273616546
-57.001144276239664	112.95288136618909
-57.004865942591096	113.0526338709882
-57.00864663795249	113.15238487214644
-57.01248648756443	113.25213436575808
-57.01638561666746	113.35188234791754
-57.02034415050216	113.45162881471921
-57.02436221430908	113.55137376225747
-57.02843993332878	113.65111718662676
-57.03257743280184	113.7508590839214
-57.03677483796879	113.85059945023576
-57.041032274070226	113.95033828166433
-57.0453498663467	114.0500755743014
-57.04972774003877	114.14981132424145
-57.05416602038701	114.24954552757876
-57.058664832631955	114.34927818040771
-57.06322430201419	114.44900927882281
-57.06784455377427	114.54873881891834
-57.072525713152764	114.6484667967888
-57.07726790539023	114.74819320852842
-57.08207125572724	114.84791805023166
-57.08693588940435	114.94764131799293
-57.0918619316621	115.04736300790661
-57.09684950774109	115.14708311606714
-57.10189874288187	115.24680163856877
-57.10700976232498	115.34651857150592
-57.11218269131102	115.44623391097306
-57.11741765508051	115.5459476530645
-57.12271477887405	115.6456597938748
-57.12807418793219	115.74537032949809
-57.13349600749548	115.84507925602884
-57.138980362804496	115.9447865695615
-57.14452737909981	116.04449226619043
-57.150137181621965	116.1441963420101
-57.155809895611526	116.24389879311474
-57.161545646309065	116.34359961559872
-57.16734455895512	116.44329880555657
-57.17320675879031	116.54299635908262
-57.17913237105514	116.64269227227135
-57.18512152099019	116.74238654121697
-57.191174333836024	116.84207916201387
-57.19729093483321	116.94177013075657
-57.203471449222306	117.04145944353945
-57.209716002243866	117.14114709645686
-57.21602471913849	117.24083308560311
-57.222397725146685	117.34051740707265
-57.22883514550904	117.44020005695987
-57.23533710546612	117.53988103135916
-57.24190373025849	117.63956032636499
-57.248535145126716	117.73923793807158
-57.25523147531135	117.83891386257334
-57.261992846052955	117.93858809596475
-57.268819382592085	118.03826063434016
-57.27571121016932	118.13793147379397
-57.28266845402522	118.23760061042054
-57.289691239400334	118.33726804031427
-57.29677969153523	118.43693375956953
-57.30393393567049	118.53659776428071
-57.311154097046646	118.63626005054225
-57.31844030090428	118.73592061444846
-57.325792672483956	118.83557945209375
-57.33321133702622	118.93523655957257
-57.340696419771646	119.03489193297922
-57.348248045960794	119.1345455684081
-57.35586634083423	119.23419746195366
-57.36355142963251	119.33384760971019
-57.371303437596204	119.43349600777212
-57.37912248996586	119.53314265223389
-57.38700871198206	119.63278753918982
-57.39496222888537	119.73243066473435
-57.40298316591632	119.83207202496179
-57.4110716483155	119.93171161596659
-57.419227801323466	120.03134943384313
-57.427451750180786	120.13098547468576
-57.43574362012801	120.23061973458891
-57.444103536405706	120.33025220964697
-57.45253162425443	120.42988289595425
-57.46102800891475	120.52951178960522
-57.46959281562725	120.62913888669424
-57.478226169632464	120.72876418331572
-57.486928196170965	120.82838767556393
-57.4956990204833	120.9280093595334
-57.504538767810054	121.0276292313185
-57.51344756339178	121.12724728701352
-57.52242553246904	121.22686352271295
-57.531472800282394	121.32647793451113
-57.540589492072435	121.42609051850243
-57.54977573307968	121.52570127078127
-57.55903164854469	121.62531018744201
-57.56835736370807	121.72491726457909
-57.57775300381037	121.8245224982868
-57.587218694092115	121.92412588465965
-57.59675455979391	122.0237274197919
-57.60636072615629	122.12332709977801
-57.61603731841984	122.22292492071236
-57.62578446182511	122.32252087868932
-57.63560228161266	122.42211496980329
-57.645490903023074	122.52170719014862
-57.655450451296886	122.62129753581976
-57.66548105167469	122.7208860029111
-57.675582829397015	122.82047258751697
-57.68575590970441	122.92005728573176
-57.696000417837496	123.01964009364987
-57.7063164790368	123.1192210073657
-57.716704218542894	123.21880002297365
-57.72716376159632	123.31837713656805
-57.73769523343768	123.41795234424333
-57.74829875930749	123.51752564209386
-57.75897446444634	123.61709702621405
-57.7697224740948	123.7166664926983
-57.78054291349339	123.81623403764092
-57.79143590788272	123.91579965713636
-57.802401582503336	124.01536334727899
-57.813440062595795	124.11492510416319
-57.82455147340069	124.21448492388338
-57.835735940158514	124.31404280253392
-57.8469935881099	124.41359873620917
-57.858324542495374	124.51315272100352
-57.86972892855552	124.61270475301143
-57.88120687153088	124.71225482832725
-57.892758496662026	124.81180294304532
-57.904383929189514	124.91134909326007
-57.91608329435391	125.01089327506585
-57.92785671739579	125.11043548455709
-57.93970432355571	125.2099757178282
-57.95162623807422	125.30951397097348
-57.96362258619187	125.40905024008738
-57.97569349314925	125.50858452126423
-57.98783908418692	125.60811681059849
-58.00005948454546	125.7076471041845
-58.012354819465365	125.80717539811673
-58.024725214187285	125.9067016884894
-58.03717079395172	126.00622597139701
-58.04969168399926	126.10574824293394
-58.06228800957046	126.2052684991946
-58.07495989590586	126.3047867362733
-58.087707468246066	126.40430295026448
-58.10053085183161	126.5038171372625
-58.113430171903076	126.60332929336178
-58.126405553701	126.70283941465674
-58.13945712246596	126.80234749724161
-58.15258500343853	126.90185353721094
-58.16578932185925	127.00135753065905
-58.179070202968695	127.1008594736803
-58.19242777200742	127.2003593623692
-58.20586215421599	127.29985719281999
-58.21937347483498	127.3993529611271
-58.23296185910494	127.49884666338494
-58.24662743226643	127.59833829568791
-58.26037031956001	127.69782785413035
-58.27419064622627	127.79731533480667
-58.288088537505736	127.89680073381126
-58.302064118638995	127.9962840472385
-58.31611751486659	128.09576527118278
-58.330248851429104	128.19524440173853
-58.3444582535671	128.29472143500007
-58.3587458465211	128.39419636706177
-58.373111755531724	128.49366919401808
-58.3875561058395	128.5931399119634
-58.402079022685	128.69260851699204
-58.41668063130877	128.79207500519843
-58.4313610569514	128.89153937267693
-58.44612042485345	128.99100161552198
-58.460958860255445	129.09046172982792
-58.47587648839801	129.18991971168919
-58.49087343452163	129.2893755572001
-58.50594982386694	129.3888292624551
-58.52110578167446	129.4882808235485
-58.536341433184774	129.58773023657477
-58.55165690363844	129.68717749762834
-58.567052318276	129.7866226028034
-58.58252780233802	129.88606554819452
-58.598083481065096	129.98550632989603
-58.613719479697764	130.08494494400227
-58.62943592347659	130.18438138660773
-58.64523293764214	130.2838156538067
-58.661110647434974	130.3832477416936
-58.677069178095664	130.48267764636282
-58.693108654864744	130.5821053639087
-58.70922920298281	130.68153089042576
-58.7254309476904	130.78095422200823
-58.741714014228094	130.8803753547506
-58.758078527836446	130.97979428474721
-58.77452461375602	131.07921100809244
-58.791052397227375	131.17862552088073
-58.80766200349108	131.27803781920642
-58.8243535577877	131.37744789916385
-58.841127185357784	131.47685575684753
-58.8579830114419	131.57626138835175
-58.87492116128063	131.67566478977096
-58.891941760114506	131.77506595719947
-58.9090449331841	131.87446488673174
-58.92623080572998	131.97386157446212
-58.94349950299271	132.073256016485
-58.960851150212854	132.17264820889474
-58.97828587263097	132.27203814778582
-58.99580379548761	132.3714258292525
-59.01340504402335	132.47081124938924
