302473.5101256221	4123735.597292046
302473.5740272874	4123735.707305126
302473.6682864977	4123735.8672837648
302473.72111283144	4123735.9570842525
302473.78945399984	4123736.073328908
302473.8592970523	4123736.1920924904
302473.93209128623	4123736.316754821
302473.9878668309	4123736.4119068366
302474.0719946355	4123736.5563903144
302474.1377419102	4123736.668892306
302474.20348644187	4123736.781389604
302474.2624123021	4123736.8819624786
302474.33771710773	4123737.0107242744
302474.41305423604	4123737.1395413377
302474.4933746144	4123737.275510928
302474.57029149454	4123737.406590853
302474.6455688812	4123737.5348767913
302474.7206823286	4123737.663371471
302474.796620729	4123737.792922508
302474.8665838348	4123737.9128747582
302474.9404003008	4123738.039014771
302475.02032464655	4123738.175879793
302475.0963645641	4123738.305921336
302475.1723342677	4123738.4358428014
302475.2789871947	4123738.6184632466
302475.3645771446	4123738.7649075063
302475.4501762781	4123738.9113674792
302475.5276378635	4123739.0435930723
302475.62480739073	4123739.2097461503
302475.74460892717	4123739.4140954795
302475.7981044741	4123739.505459638
302475.8516312768	4123739.5968771777
302475.9051351145	4123739.688255496
302475.9586325743	4123739.7796229213
302476.0347622505	4123739.909440742
302476.0922982491	4123740.0076695695
302476.1498068243	4123740.105851578
302476.2073126559	4123740.204028903
302476.26482465904	4123740.302216764
302476.40034297784	4123740.5340041025
302476.46116026834	4123740.6379031655
302476.52198263136	4123740.7418108946
302476.5827730968	4123740.84566413
302476.665297427	4123740.98594962
302476.73067353363	4123741.0974898585
302476.79611979914	4123741.2091497965
302476.86152007245	4123741.3207312664
302476.9268930597	4123741.4322661823
302477.008915453	4123741.5723928097
302477.0772636411	4123741.689036161
302477.1455059941	4123741.8054988943
302477.2138289434	4123741.922099173
302477.2821038634	4123742.038617485
302477.444756747	4123742.315597527
302477.5172022701	4123742.4391381005
302477.58959428355	4123742.5625874246
302477.6619509062	4123742.6859763972
302477.7507864047	4123742.8326801243
302477.8265915665	4123742.9609612897
302477.9023922115	4123743.089234812
302477.97813142027	4123743.217404369
302478.0539203184	4123743.345658012
302478.1543190941	4123743.5204226435
302478.2343849028	4123743.6567540155
302478.3144239954	4123743.7930398975
302478.39444972994	4123743.9293030337
302478.47448787006	4123744.065587294
302478.5589775986	4123744.234748606
302478.6390033962	4123744.375570306
302478.71974226116	4123744.5176467933
302478.8005138434	4123744.659780853
302478.88117187185	4123744.801715092
302478.9584355358	4123744.9376762547
302479.07200597425	4123745.1340077748
302479.15764643194	4123745.2841269383
302479.2432838297	4123745.434240738
302479.3287814394	4123745.5841095033
302479.4310293171	4123745.7598890327
302479.52018568973	4123745.915428136
302479.60937820346	4123746.0710302903
302479.6985175711	4123746.2265397273
302479.7876888219	4123746.382104787
302479.89833027817	4123746.5657515395
302479.9913518533	4123746.72634283
302480.0844311084	4123746.8870336986
302480.17748706916	4123747.047684352
302480.27054858016	4123747.208344587
302480.35030539625	4123747.3460357627
302480.46517778817	4123747.5621866733
302480.5596139916	4123747.7281237985
302480.6541245019	4123747.8941914914
302480.7485393142	4123748.0600910303
302480.8451201937	4123748.242908411
302480.94002111163	4123748.4123981544
302481.035021576	4123748.5820656843
302481.129825206	4123748.751381675
302481.22469557676	4123748.9208168616
302481.3240727008	4123749.0944192796
302481.4197586624	4123749.2646350437
302481.51554840826	4123749.43503543
302481.6111990129	4123749.6051882976
302481.70681539905	4123749.775280294
302481.76969272224	4123749.887132769
302481.8963435757	4123750.1067675515
302481.99171550537	4123750.27553179
302482.087103349	4123750.4443241893
302482.18229562783	4123750.612770529
302482.2778642573	4123750.781882835
302482.3687741821	4123750.9407867617
302482.46342575573	4123751.1079484466
302482.5580152816	4123751.2750005503
302482.65266347176	4123751.4421562594
302482.7480093075	4123751.609378505
302482.8427960357	4123751.7765251105
302482.93760875415	4123751.9437175468
302483.0324067856	4123752.1108840844
302483.1271483152	4123752.2779509868
302483.22324482043	4123752.4435148113
302483.31825384585	4123752.6103575397
302483.41336368566	4123752.7773773056
302483.50835798256	4123752.9441941697
302483.6033352894	4123753.1109811985
302483.68479090283	4123753.254023154
302483.80443659524	4123753.466156909
302483.9012679957	4123753.6365299127
302483.99806362164	4123753.806839972
302484.0949192607	4123753.977255623
302484.17774426535	4123754.156029356
302484.27170592424	4123754.3282516394
302484.36556458805	4123754.500285143
302484.4594915412	4123754.672443814
302484.55342296924	4123754.8446106873
302484.64070459636	4123755.0049785534
302484.7334279106	4123755.1749988575
302484.8262242039	4123755.3451529783
302484.91896852694	4123755.5152118052
302485.01169736934	4123755.685242246
302485.081928868	4123755.8140208693
302485.1955135229	4123756.0145304166
302485.28802003834	4123756.1829094114
302485.38055411977	4123756.351338581
302485.473030868	4123756.519663394
302485.5770391045	4123756.7057130407
302485.67193878925	4123756.8777668797
302485.7668248983	4123757.049796106
302485.86175286386	4123757.2219012184
302485.95665368275	4123757.3939571134
302486.0403833303	4123757.5444484856
302486.1334025511	4123757.7128665773
302486.2263464037	4123757.881148209
302486.3192403781	4123758.0493395324
302486.41234051326	4123758.2179041253
302486.4687983742	4123758.320125205
302486.59267955355	4123758.5454182215
302486.6847814571	4123758.712331419
302486.77690860897	4123758.879290373
302486.86901600607	4123759.0462135263
302486.96125452477	4123759.214648245
302487.0533782829	4123759.381861376
302487.1454866601	4123759.5490465895
302487.2376005329	4123759.716241778
302487.3297374653	4123759.8834788217
302487.417134985	4123760.04330458
302487.50844121474	4123760.209237658
302487.59978881566	4123760.3752459213
302487.6911745182	4123760.5413234276
302487.7825428047	4123760.707369283
302487.87662377855	4123760.87858527
302487.9685120519	4123761.045620688
302488.0602963088	4123761.212467023
302488.15211013117	4123761.379367103
302488.2439786942	4123761.5463666907
302488.3273107122	4123761.6978484625
302488.4220959658	4123761.869768319
302488.5130101048	4123762.034970306
302488.6039383335	4123762.200197895
302488.694905585	4123762.3654963933
302488.7781850496	4123762.515920469
302488.8674525789	4123762.677935528
302488.9567924867	4123762.8400819493
302489.0460802402	4123763.0021337136
302489.1353988657	4123763.164241509
302489.2373358794	4123763.348217623
302489.3288873485	4123763.514191528
302489.4205152366	4123763.6803039727
302489.5120667058	4123763.8462778777
302489.6036727579	4123764.012350736
302489.6775328339	4123764.1462518666
302489.76977702713	4123764.320081317
302489.8586180523	4123764.4822072694
302489.9474442563	4123764.6443061745
302490.03626092884	4123764.8063876857
302490.1304614111	4123764.98417707
302490.22038309276	4123765.149502157
302490.31029190787	4123765.3148035877
302490.40019643266	4123765.4800971304
302490.49013741635	4123765.6454577046
302490.5718938706	4123765.789267939
302490.66039276373	4123765.9508646354
302490.7489286003	4123766.1125287893
302490.83749398356	4123766.2742468948
302490.9260277087	4123766.4359071935
302490.9753271529	4123766.5259267073
302491.1066620907	4123766.755950998
302491.19578739424	4123766.917171372
302491.2848925236	4123767.0783552527
302491.3739562308	4123767.2394642043
302491.4629732063	4123767.400488622
302491.5562420686	4123767.5720374044
302491.646068015	4123767.734998175
302491.7358511483	4123767.8978812746
302491.82565675885	4123768.0608051517
302491.90951027826	4123768.21035505
302491.99800015165	4123768.370343292
302492.08652695356	4123768.5303983004
302492.1750621999	4123768.690468576
302492.2635119758	4123768.8503843225
302492.3538119559	4123769.0107968375
302492.44263003557	4123769.170878185
302492.5314375274	4123769.330940449
302492.6202789057	4123769.491063789
302492.70907263417	4123769.651101247
302492.7719029867	4123769.7643435905
302492.87058439327	4123769.9542561667
302492.95676742494	4123770.1115021002
302493.0430039272	4123770.268845594
302493.12932062475	4123770.426335409
302493.2155242227	4123770.5836188663
302493.3098548233	4123770.758832434
302493.39752144716	4123770.9193075798
302493.48520895414	4123771.079820952
302493.57282230776	4123771.240198585
302493.6511581202	4123771.3825175446
302493.7368237232	4123771.539102947
302493.8225240566	4123771.695751832
302493.9081743357	4123771.8523092247
302493.99388998863	4123772.0089861117
302494.07800291025	4123772.173399466
302494.1633786706	4123772.331328086
302494.24886540504	4123772.489461987
302494.33425236656	4123772.6474113264
302494.4196566316	4123772.805392675
302494.50471393333	4123772.953930871
302494.5898817992	4123773.1098758783
302494.67538744723	4123773.2664393745
302494.7607587974	4123773.4227569676
302494.8460965721	4123773.579013083
302494.9150150281	4123773.7052049157
302495.0216974302	4123773.8929157443
302495.10782471095	4123774.049385835
302495.1940074422	4123774.205956664
302495.2801378068	4123774.3624323565
302495.36256650236	4123774.512183113
302495.45244637155	4123774.6728110854
302495.5386057045	4123774.828899217
302495.6247352575	4123774.984933398
302495.7109048588	4123775.1410401324
302495.79702517274	4123775.2970575765
302495.886548046	4123775.4600510625
302495.9732482941	4123775.6172568733
302496.0599743881	4123775.774509548
302496.1466829046	4123775.9317303514
302496.24684337125	4123776.1110956124
302496.3364307052	4123776.273057522
302496.42600094754	4123776.4349885317
302496.51557439676	4123776.5969253397
302496.60514998244	4123776.75886601
302496.71136949665	4123776.9630463105
302496.80380684347	4123777.132257686
302496.89626292494	4123777.3015033556
302496.98868484213	4123777.4706864865
302497.08115414844	4123777.639956365
302497.1994706242	4123777.8627313413
302497.2965474994	4123778.041542493
302497.3935838712	4123778.2202790384
302497.49066652707	4123778.3991008373
302497.5877376168	4123778.577901332
302497.69991989294	4123778.7718133023
302497.7996798941	4123778.9532721853
302497.8994779693	4123779.134800323
302497.99932720215	4123779.3164215144
302498.0991526426	4123779.4979994283
302498.214914686	4123779.7152845394
302498.3176529124	4123779.903417653
302498.420467108	4123780.0916898805
302498.52328375	4123780.2799665877
302498.62607956235	4123780.468205152
302498.7192782254	4123780.6388695217
302498.8647869036	4123780.8995727673
302498.9731323088	4123781.0970288576
302499.0813512554	4123781.294254481
302499.1896411737	4123781.4916094476
302499.29784463573	4123781.688806851
302499.4258379338	4123781.9147691526
302499.5373692058	4123782.116813105
302499.6489297269	4123782.3189100437
302499.7604184497	4123782.520876916
302499.87185665435	4123782.722752273
302500.00401718746	4123782.961406106
302500.1191121661	4123783.1697755875
302500.2341687428	4123783.378075545
302500.3491649636	4123783.586266234
302500.4838698635	4123783.831612074
302500.60325297166	4123784.048066018
302500.72264461766	4123784.264535443
302500.84185702744	4123784.4806798934
302500.9611405625	4123784.696953302
302501.0854991929	4123784.926792781
302501.2057127629	4123785.145506057
302501.3259248966	4123785.36421672
302501.44623303495	4123785.5831020516
302501.566311916	4123785.801570278
302501.72150882526	4123786.0773721333
302501.8480766686	4123786.3064415804
302501.9746686563	4123786.535554725
302502.1013285632	4123786.7647907943
302502.2279914897	4123786.9940323285
302502.33008664753	4123787.178809763
302502.4834436127	4123787.463177344
302502.61049764825	4123787.6942275786
302502.73751232936	4123787.9252062463
302502.86446645507	4123788.156074793
302503.0129604087	4123788.4397748793
302503.14461655426	4123788.682106913
302503.27611584874	4123788.9241502397
302503.4077155198	4123789.1663783244
302503.53932461195	4123789.4086237494
302503.68852289586	4123789.670087556
302503.8231497661	4123789.915597032
302503.95781837485	4123790.161182624
302504.0925897175	4123790.4069555644
302504.2272454795	4123790.6525177285
302504.32245731	4123790.826148792
302504.5089014423	4123791.1873573037
302504.64555278275	4123791.4399288017
302504.7821796952	4123791.6924551497
302504.91870237864	4123791.9447888522
302505.09094488085	4123792.2325325906
302505.23486508295	4123792.492220316
302505.3788110262	4123792.7519544885
302505.5228238997	4123793.011809429
302505.66677670303	4123793.2715559797
302505.8463785299	4123793.552062563
302505.99643294385	4123793.815238513
302506.1466860624	4123794.0787629653
302506.2968550397	4123794.342139845
302506.4469631578	4123794.605409985
302506.553154979	4123794.791656645
302506.7636064321	4123795.1669048825
302506.9163606372	4123795.4357922343
302507.0691275896	4123795.704702025
302507.2218125969	4123795.9734675707
302507.393956605	4123796.287241149
302507.5507715052	4123796.5655208104
302507.7076368806	4123796.843890044
302507.86448543094	4123797.1222294196
302508.02120500227	4123797.4003399126
302508.1891374657	4123797.6944620744
302508.3478950783	4123797.9755123667
302508.50655807916	4123798.2563951663
302508.6652494612	4123798.5373282097
302508.82398058154	4123798.8183316025
302508.9521824403	4123799.0452887183
302509.16088465916	4123799.396726128
302509.3227726182	4123799.6804060778
302509.4846528562	4123799.964072497
302509.6465504544	4123800.2477693376
302509.84952621034	4123800.5953171556
302510.0202198795	4123800.892676506
302510.1909196602	4123801.190046503
302510.3615014118	4123801.487210886
302510.5322948014	4123801.784743956
302510.6971089662	4123802.0844696546
302510.86671880755	4123802.3821549495
302511.0365086652	4123802.6801561946
302511.2060679374	4123802.977752735
302511.37575464626	4123803.275572941
302511.51269194443	4123803.5159140658
302511.7309604002	4123803.9147310657
302511.9032031138	4123804.2195775737
302512.07544787694	4123804.524427709
302512.24758998567	4123804.8290961604
302512.4502456271	4123805.1798084457
302512.6285830822	4123805.493783002
302512.80710144725	4123805.8080760613
302512.9857177034	4123806.122541464
302513.16434460925	4123806.4370256164
302513.31810005003	4123806.7387401434
302513.49246546463	4123807.051031852
302513.66675813985	4123807.363193284
302513.84110277425	4123807.675447775
302514.0155035168	4123807.987802757
302514.1869639653	4123808.32382588
302514.3606669961	4123808.640244141
302514.5345150565	4123808.956926589
302514.70833825454	4123809.2735637473
302514.8821697429	4123809.590216007
302515.0311365728	4123809.861574688
302515.20432832156	4123810.176841617
302515.3739960232	4123810.4858732917
302515.5437304629	4123810.7950265226
302515.713386025	4123811.1040360862
302515.8970510817	4123811.433168276
302516.0698058117	4123811.746672542
302516.2424576239	4123812.0599900386
302516.41531938117	4123812.37368853
302516.5878250572	4123812.686740828
302516.75444088725	4123812.978723345
302516.92597093934	4123813.288166224
302517.0975766823	4123813.59774565
302517.2691640216	4123813.9072918757
302517.44074112526	4123814.2168196365
302517.57069606683	4123814.4512603697
302517.7681112399	4123814.8296346646
302517.93713003834	4123815.1381079666
302518.1062314665	4123815.446732075
302518.27522406017	4123815.755157551
302518.4428769522	4123816.0780332135
302518.6116668069	4123816.3897288707
302518.78036010766	4123816.701246226
302518.94927668746	4123817.0131759
302519.1179176867	4123817.324596673
302519.2785111827	4123817.6317407475
302519.44595232565	4123817.942857193
302519.6133077138	4123818.2538143005
302519.7804935833	4123818.5644564317
302519.9477652075	4123818.8752579005
302520.09953266836	4123819.1572516337
302520.2842087344	4123819.50057631
302520.4518843062	4123819.812158657
302520.61946198647	4123820.123559097
302520.7870256727	4123820.434933533
302520.943450099	4123820.7111350587
302521.108844226	4123821.015487584
302521.27419500117	4123821.319760334
302521.4394551299	4123821.62386628
302521.6046857016	4123821.927917836
302521.800857836	4123822.2683755946
302521.9716598942	4123822.579101839
302522.1423642761	4123822.8896503886
302522.3131378465	4123823.200324808
302522.4838096696	4123823.510814126
302522.5787818514	4123823.683589265
302522.79458676954	4123824.076707223
302522.96060814644	4123824.3788173655
302523.1266216071	4123824.680913103
302523.2924313043	4123824.9826380503
302523.45832804654	4123825.2845213944
302523.63256356574	4123825.6147577306
302523.8000366369	4123825.921710581
302523.9673940025	4123826.228451361
302524.13458779553	4123826.5348923374
302524.2890377545	4123826.8288507964
302524.4534842907	4123827.1325973426
302524.6179151385	4123827.436314911
302524.7825872356	4123827.740478087
302524.94711223035	4123828.0443695528
302525.01411026437	4123828.1681205416
302525.27763835154	4123828.6594913336
302525.44228622026	4123828.964308897
302525.6070381764	4123829.2693191604
302525.7716723062	4123829.574111289
302525.9293837843	4123829.866087303
302526.101743969	4123830.178798613
302526.2665771012	4123830.4829026246
302526.43132769404	4123830.786854358
302526.59631212486	4123831.0912375036
302526.7675381608	4123831.3965257616
302526.9337022068	4123831.700776054
302527.099923715	4123832.0051315613
302527.2662343917	4123832.3096503383
302527.4324618505	4123832.614016741
302527.52495243563	4123832.783369187
302527.74661207176	4123833.1828514193
302527.910047596	4123833.4811149817
302528.07341495436	4123833.779254144
302528.2366927102	4123834.077229785
302528.4125522446	4123834.3933313666
302528.5784422348	4123834.695076212
302528.74439751107	4123834.9969398086
302528.9103646613	4123835.2988250037
302529.0763535764	4123835.6007497874
302529.2215276118	4123835.882990522
302529.383757044	4123836.1812121463
302529.54628454236	4123836.4799816967
302529.7086649479	4123836.7784808506
302529.871018255	4123837.0769301904
302529.9938746424	4123837.302773497
302530.2201354818	4123837.6798519944
302530.3863680693	4123837.979211219
302530.55271363724	4123838.2787739043
302530.71907308145	4123838.5783615783
302530.87304426666	4123838.8500435106
302531.0368107935	4123839.1438180776
302531.2006066035	4123839.437645175
302531.3644316968	4123839.7315248023
302531.52820994187	4123840.0253203902
302531.6942103256	4123840.334059511
302531.8584447644	4123840.630582058
302532.0224834739	4123840.9267512197
302532.18671595067	4123841.2232702244
302532.35103062505	4123841.519937636
302532.45883162797	4123841.714570554
302532.6760036638	4123842.094548419
302532.83978993195	4123842.3883491177
302533.00335183914	4123842.6817473564
302533.1669488677	4123842.975208596
302533.3480330701	4123843.284370426
302533.5153450793	4123843.581291566
302533.68267104425	4123843.878237473
302533.84973385744	4123844.174716376
302534.01721732377	4123844.471941793
302534.16457159497	4123844.7198746186
302534.32855359634	4123845.0085819927
302534.4923714802	4123845.2970004207
302534.6563007315	4123845.5856149225
302534.8201420608	4123845.8740746286
302534.9115206953	4123846.034956222
302535.15765026596	4123846.476415893
302535.3232540107	4123846.769240882
302535.48862113524	4123847.061647473
302535.65402571845	4123847.354120299
302535.8123721169	4123847.634112654
302535.9674501519	4123847.9258102495
302536.13008965005	4123848.21628909
302536.2926129004	4123848.5065603084
302536.4551070806	4123848.7967796065
302536.6068411067	4123849.079446587
302536.76698546665	4123849.3679534295
302536.9272253204	4123849.6566323084
302537.08739832847	4123849.9451907617
302537.24761526217	4123850.233828349
302537.43045103445	4123850.5573687577
302537.59475942806	4123850.8523316896
302537.7592088192	4123851.1475477368
302537.9233722974	4123851.442250519
302538.08761019225	4123851.737086893
302538.20382892573	4123851.94572029
302538.4024670359	4123852.2912299824
302538.56462199776	4123852.580565503
302538.7268735834	4123852.8700734302
302538.8888990786	4123853.1591779413
302539.0509767398	4123853.448375533
302539.1984839753	4123853.706089218
302539.3581874683	4123853.990127149
302539.51780532196	4123854.2740127677
302539.6773470509	4123854.557762996
302539.84259093367	4123854.8544298247
302540.00357347616	4123855.1413538954
302540.1643373733	4123855.4278882677
302540.32525278005	4123855.7146926806
302540.4861701094	4123856.00150052
302540.6488292298	4123856.297359613
302540.8099718929	4123856.585641553
302540.97127213754	4123856.8742054044
302541.13248590624	4123857.1626145514
302541.29365355545	4123857.450941191
302541.4156736061	4123857.6692333324
302541.60485246405	4123858.015882565
302541.7642148791	4123858.302294518
302541.9236418977	4123858.588822578
302542.08297770144	4123858.8751867036
302542.24250352214	4123859.1618923345
302542.3971602022	4123859.4428198356
302542.55576616584	4123859.7283724477
302542.7144610039	4123860.0140850684
302542.8730991117	4123860.299695553
302543.030294788	4123860.581523955
302543.18862569216	4123860.8663204727
302543.347062307	4123861.1513071368
302543.5054611646	4123861.4362258855
302543.66379017656	4123861.721019
302543.8275035816	4123862.0063008806
302543.98665753653	4123862.2909204825
302544.14595392696	4123862.575794806
302544.30537185195	4123862.860886473
302544.4646663466	4123863.1457574065
302544.5932131593	4123863.3756413744
302544.78719543206	4123863.7085923436
302544.9472607044	4123863.992586879
302545.1072859316	4123864.2765103644
302545.26720628317	4123864.560247775
302545.4271151898	4123864.8439648794
302545.57992344006	4123865.106878218
302545.7386552172	4123865.3871144922
302545.89744186995	4123865.6674476475
302546.0562001325	4123865.9477306814
302546.21713870444	4123866.230870384
302546.37651425094	4123866.512019635
302546.53590118565	4123866.793188976
302546.69504507974	4123867.0739295767
302546.8542725305	4123867.354817577
302547.0200123241	4123867.6438043215
302547.1804473921	4123867.926199978
302547.34101062914	4123868.208821237
302547.5015202959	4123868.491348202
302547.6618597206	4123868.7735755085
302547.79944006534	4123869.0157425883
302547.95478590304	4123869.3019141858
302548.1107159835	4123869.5784536237
302548.2666906588	4123869.8550721505
302548.42257612885	4123870.131532473
302548.5776632263	4123870.4221395007
302548.733475726	4123870.7017880967
302548.8891991012	4123870.9812767343
302549.04498374613	4123871.2608753373
302549.2006867033	4123871.5403273287
302549.3534890867	4123871.836413729
302549.5087973403	4123872.1189620164
302549.66390202544	4123872.4011399564
302549.81918066676	4123872.6836343706
302549.9743982437	4123872.966017692
302550.06871859235	4123873.137612262
302550.2723724426	4123873.5064266203
302550.4255689267	4123873.784869137
302550.57892619446	4123874.0636038873
302550.7320733498	4123874.3419567468
302550.8853063725	4123874.620465675
302551.0406839072	4123874.887884922
302551.1942618988	4123875.164520417
302551.34788567247	4123875.4412383777
302551.5015643832	4123875.7180552953
302551.6604568372	4123875.998256493
302551.81532989396	4123876.2759016724
302551.9700756312	4123876.5533186034
302552.12492285256	4123876.8309174674
302552.2796962673	4123877.108384016
302552.3581981229	4123877.2491164473
302552.575412325	4123877.6467468264
302552.7280538245	4123877.9216579897
302552.8807026053	4123878.196582267
302553.0332622163	4123878.471345947
302553.18598378776	4123878.746401322
302553.33627768414	4123879.0148269413
302553.48862612824	4123879.288833402
302553.6408638425	4123879.56264071
302553.79314693285	4123879.836529629
302553.9549354916	4123880.1207268117
302554.1093175414	4123880.3968965313
302554.26363701833	4123880.6729543163
302554.41805218766	4123880.949183283
302554.5724268664	4123881.225339817
302554.6661155403	4123881.3929368583
302554.889273438	4123881.7842756202
302555.04495532275	4123882.061540428
302555.20068545017	4123882.338891155
302555.3562244589	4123882.6159015056
302555.5052223495	4123882.8812623187
302555.64429396956	4123883.1279952233
302555.7960726855	4123883.3981514955
302555.9478514015	4123883.668307768
302556.09970067866	4123883.938589635
302556.25139466784	4123884.2171911416
302556.40313944477	4123884.489199753
302556.5549565849	4123884.7613380775
302556.7067049739	4123885.0333531634
302556.85847326735	4123885.3054039287
302556.9429458192	4123885.456824373
302557.1532227662	4123885.835626256
302557.303698063	4123886.1056499397
302557.45415185	4123886.375635024
302557.60448728054	4123886.645407722
302557.75485141086	4123886.91523192
302557.907138042	4123887.187153365
302558.05794354936	4123887.4575437703
302558.20853345265	4123887.727547603
302558.3591754596	4123887.997644857
302558.521934445	4123888.284290322
302558.67522110074	4123888.558025977
302558.8285114046	4123888.8317681467
302558.9817688223	4123889.1054515895
302559.1352162759	4123889.3794743936
302559.26285016513	4123889.6033848487
302559.41173818486	4123889.8685784205
302559.5605569832	4123890.1336486978
302559.7094769559	4123890.398899183
302559.85841822805	4123890.664187606
302560.0183314968	4123890.95098353
302560.1691014908	4123891.219880232
302560.32006031636	4123891.4891137136
302560.47079254256	4123891.757943058
302560.62171000225	4123892.0271027638
302560.773200598	4123892.296185491
302560.92419430515	4123892.5652810535
302561.07521681016	4123892.8344279383
302561.2261385261	4123893.1033952013
302561.37708183867	4123893.372400952
302561.52444016084	4123893.6171031566
302561.67480204324	4123893.881749555
302561.8251047951	4123894.14629188
302561.97545592306	4123894.41091935
302562.1256637113	4123894.6752945334
302562.23947666434	4123894.8756125104
302562.3958638215	4123895.2299910183
302562.5413350223	4123895.4987076535
302562.68685651146	4123895.767517182
302562.8322531634	4123896.0360961095
302562.971504393	4123896.2933231182
302563.0970945762	4123896.563141926
302563.2382872885	4123896.8302178113
302563.37944298226	4123897.0972236726
302563.5204708117	4123897.3639876703
302563.66160968266	4123897.63096171
302563.80985402345	4123897.909356093
302563.95221100334	4123898.178288497
302564.09453574923	4123898.4471600065
302564.23696400854	4123898.7162270676
302564.3731884801	4123898.967254976
302564.514121672	4123899.232152247
302564.6551927282	4123899.4973086463
302564.796307499	4123899.7625472113
302564.937381926	4123900.0277099465
302565.09310283535	4123900.3141060844
302565.2366664589	4123900.5828515897
302565.3802454924	4123900.851625941
302565.52389643394	4123901.1205349024
302565.667555935	4123901.3894598866
302565.79635455745	4123901.627512486
302565.9373850033	4123901.8909747223
302566.0784255312	4123902.1544557926
302566.2195585104	4123902.418109573
302566.3605234021	4123902.681449346
302566.52961136	4123902.997269043
302566.67585312726	4123903.270455923
302566.8221402287	4123903.543727489
302566.9683959421	4123903.8169404212
302567.1146743263	4123904.0901957033
302567.23997984943	4123904.32427264
302567.42763407156	4123904.6763932365
302567.577279834	4123904.956195129
302567.7269059688	4123905.2359603224
302567.8764928781	4123905.5156521737
302568.0260459027	4123905.795280669
302568.188331771	4123906.101566436
302568.3400887684	4123906.3857915066
302568.4918077914	4123906.669945456
302568.64359915996	4123906.954234901
302568.81051406485	4123907.2667269404
302568.9655179383	4123907.557007026
302569.1205439907	4123907.847328647
302569.27547395753	4123908.1374703255
302569.4305240255	4123908.427836921
302569.6148172913	4123908.7714474276
302569.7751539396	4123909.071446908
302569.93538557034	4123909.3712498946
302570.0955274707	4123909.67088499
302570.25564264023	4123909.9704700704
302570.43312080577	4123910.2995051644
302570.59671769285	4123910.605040824
302570.7601041971	4123910.91018357
302570.9236114733	4123911.2155518713
302571.08697460254	4123911.520650962
302571.22690889577	4123911.7819940555
302571.4281002813	4123912.156532927
302571.59389715747	4123912.4659804907
302571.7597197095	4123912.7754759765
302571.9253881402	4123913.084683806
302572.08771123126	4123913.374701629
302572.25267433375	4123913.67989316
302572.4177397338	4123913.9852739475
302572.5828248062	4123914.2906911303
302572.74787447014	4123914.596042805
302572.9238090417	4123914.9615344047
302573.0906641494	4123915.277188201
302573.25755706825	4123915.5929135275
302573.42465694714	4123915.9090303783
302573.59151006	4123916.2246804005
302573.6928830672	4123916.4164562174
302573.8895862562	4123916.8475861843
302574.05086421594	4123917.1619166187
302574.21224025864	4123917.4764382164
302574.3736586112	4123917.7910422757
302574.5280045056	4123918.0918621277
302574.6807251945	4123918.391798924
302574.8395087948	4123918.7016459466
302574.9982753584	4123919.011459724
302575.15701920114	4123919.3212291645
302575.3159527834	4123919.6242674533
302575.4747723278	4123919.9326547715
302575.6334650547	4123920.240795842
302575.7923451656	4123920.549300765
302575.95107195876	4123920.8575079837
302576.12603248237	4123921.1888641105
302576.287672845	4123921.5012320327
302576.4494192168	4123921.8138048165
302576.6110518757	4123922.1261578514
302576.7727731962	4123922.438682224
302576.8951037337	4123922.675084415
302577.07433711755	4123923.0180887766
302577.232501827	4123923.323201642
302577.3908079702	4123923.6285873447
302577.5487275394	4123923.933227314
302577.7247156411	4123924.2519023023
302577.88656570757	4123924.559825049
302578.04852962086	4123924.8679643907
302578.2103488119	4123925.175828396
302578.372320438	4123925.4839824117
302578.5069453068	4123925.801992821
302578.6640417981	4123926.1115497025
302578.8212375856	4123926.4213022464
302578.97835468897	4123926.730899744
302579.1354848998	4123927.04052307
302579.25304291764	4123927.348235547
302579.4030194001	4123927.657614241
302579.5529726411	4123927.966944991
302579.70294375555	4123928.276312611
302579.852875547	4123928.585599114
302579.98887957615	4123928.8661547597
302580.14444739005	4123929.194233429
302580.2930608757	4123929.501976832
302580.44163184357	4123929.80963219
302580.5901762519	4123930.1172325495
302580.7559009555	4123930.4312490956
302580.90818828443	4123930.7403839976
302581.06038668746	4123931.049338385
302581.2125669445	4123931.358255937
302581.3647562821	4123931.6671919227
302581.4898296325	4123931.965195691
302581.63735656417	4123932.2724201344
302581.7847920885	4123932.5794542218
302581.9322715618	4123932.886579833
302582.0797404847	4123933.193683473
302582.1839747749	4123933.4107511053
302582.35100228427	4123933.8379651536
302582.49463862804	4123934.1496958607
302582.63831266336	4123934.4615083686
302582.78198498156	4123934.7733171503
302582.92570697557	4123935.085233742
302583.0497184499	4123935.356959956
302583.1900988076	4123935.662059578
302583.3304440227	4123935.9670828218
302583.470859516	4123936.2722588065
302583.6384131009	4123936.610756457
302583.7847560104	4123936.923167487
302583.93101343384	4123937.2353960224
302584.07742089336	4123937.5479448526
302584.2238248696	4123937.860486247
302584.3185295859	4123938.1432692516
302584.4557145993	4123938.450412697
302584.5929290568	4123938.7576220655
302584.7301680397	4123939.0648863437
302584.8673808576	4123939.3720920407
302584.9712093331	4123939.6045535533
302585.1167515869	4123939.9783013207
302585.2499457565	4123940.2841808666
302585.383233615	4123940.590275569
302585.5165151259	4123940.8963556937
302585.63738258433	4123941.2390883123
302585.76799561945	4123941.552927438
302585.89855883457	4123941.8666468556
302586.0291531823	4123942.180441079
302586.1597459695	4123942.494231553
302586.2800556422	4123942.768846259
302586.40884214017	4123943.0757997576
302586.5376132769	4123943.3827166436
302586.66645966785	4123943.689812893
302586.7953060523	4123943.996909127
302586.89282647666	4123944.229342153
302587.0385623603	4123944.6450252747
302587.1650963605	4123944.9575573746
302587.29161678604	4123945.2700559455
302587.4181417407	4123945.582565703
302587.53916479246	4123945.8814860596
302587.64648711245	4123946.1610619333
302587.76900941646	4123946.466085794
302587.89137409034	4123946.7707172288
302588.0138467691	4123947.0756175457
302588.13873468933	4123947.4159357566
302588.2617541356	4123947.7286718925
302588.3847163996	4123948.0412626616
302588.5077167831	4123948.3539503366
302588.63069957343	4123948.666593287
302588.74998033943	4123948.953987358
302588.87231424236	4123949.2620969443
302588.9946189861	4123949.5701330905
302589.1168887363	4123949.878081102
302589.2391511967	4123950.186010753
302589.33793885494	4123950.434816879
302589.45998252655	4123950.7882953696
302589.5784112077	4123951.0940113696
302589.69679894607	4123951.3996216785
302589.8153391788	4123951.7056256416
302589.93368454714	4123952.011126575
302590.05345343286	4123952.326833641
302590.17213190056	4123952.634302925
302590.29076510365	4123952.9416549383
302590.4094803514	4123953.2492195107
302590.5152318605	4123953.550032763
302590.6310672062	4123953.8559775148
302590.7469177406	4123954.161962383
302590.8627572282	4123954.4679180747
302590.97864367225	4123954.773997788
302591.10551906074	4123955.0921758357
302591.22334994626	4123955.4003648665
302591.341190659	4123955.7085796003
302591.4590271592	4123956.016783316
302591.57680887915	4123956.3248437536
302591.66019037267	4123956.542929712
302591.76742434385	4123956.9062734153
302591.8780999925	4123957.2089181826
302591.98879278917	4123957.511609841
302592.0994671154	4123957.814250992
302592.1883319411	4123958.159794992
302592.29446175916	4123958.4714051704
302592.40058778337	4123958.78300421
302592.50672518904	4123959.094636667
302592.6128663939	4123959.4062802787
302592.6366498452	4123959.6911695334
302592.72862689005	4123959.998374245
302592.820506411	4123960.3052532263
302592.91251413914	4123960.6125604208
302593.0043980448	4123960.9194540465
302593.0123280278	4123961.25887239
302593.08903695556	4123961.572105074
302593.16568284493	4123961.885080348
302593.2423031512	4123962.1979511557
302593.3189207136	4123962.5108107594
302593.38078409556	4123962.7634232487
302593.3688075339	4123963.1215401655
302593.428770129	4123963.432133969
302593.48875845276	4123963.7428610413
302593.5487038924	4123964.053365983
302593.60868649965	4123964.364063445
302593.57253497373	4123964.6951836715
302593.61621375463	4123965.0094591733
302593.6598691164	4123965.323566171
302593.703527082	4123965.6376919034
302593.7005488956	4123965.955485728
302593.73418779694	4123966.270644585
302593.7677922355	4123966.585480564
302593.8014038879	4123966.900384129
302593.8350271613	4123967.21539657
302593.86893034726	4123967.5066716
302593.90261151677	4123967.817594017
302593.936260576	4123968.1282200124
302593.969963819	4123968.439346197
302594.00363535574	4123968.7501796903
302594.0257511251	4123968.9543379354
302594.09663636546	4123969.3776799515
302594.1343361639	4123969.6892932476
302594.17205754283	4123970.0010849214
302594.2097847658	4123970.312924899
302594.2458710642	4123970.611201571
302594.29656129004	4123970.9058473725
302594.3361700764	4123971.2126557752
302594.37578452745	4123971.5195080563
302594.415370657	4123971.82614096
302594.4584515269	4123972.1460293564
302594.49883260526	4123972.455841836
302594.53920743294	4123972.7656063596
302594.57956975134	4123973.0752749084
302594.61992004456	4123973.384851198
302594.657983445	4123973.7016132637
302594.69794078375	4123974.0125192483
302594.73789335985	4123974.323388175
302594.77788403904	4123974.63455358
302594.81780899025	4123974.945207559
302594.8420618962	4123975.1339181648
302594.88824123156	4123975.5310745775
302594.9267481294	4123975.836618624
302594.96523484774	4123976.14200255
302595.0037078026	4123976.447277266
302595.0421876392	4123976.7526065875
302595.08200824785	4123977.074039553
302595.12073874095	4123977.382270327
302595.1594581595	4123977.6904129665
302595.19817757816	4123977.9985556067
302595.24457254977	4123978.2936057313
302595.2849263361	4123978.5989469653
302595.3252705034	4123978.904215417
302595.3656069743	4123979.209425633
302595.40597567125	4123979.51487969
302595.4132500575	4123979.8147184863
302595.4477831657	4123980.119007601
302595.48234386387	4123980.423539825
302595.5168810895	4123980.7278652196
302595.5514170819	4123981.032179748
302595.57584280625	4123981.2474074652
302595.58473957115	4123981.63828551
302595.61361605494	4123981.942418724
302595.64248737687	4123982.246497571
302595.6713487227	4123982.5504713487
302595.7001966493	4123982.8543037917
302595.71839550603	4123983.1592953624
302595.74544736766	4123983.4634416625
302595.7725034209	4123983.7676350893
302595.7995626986	4123984.0718647693
302595.7873540282	4123984.3721270235
302595.80585976836	4123984.6754517877
302595.8243639652	4123984.978751255
302595.8428628668	4123985.2819639295
302595.8613743427	4123985.585382706
302595.8689066385	4123985.7088434184
302595.869775532	4123985.9234628114
302595.88393372437	4123986.1859039627
302595.8981088023	4123986.448658112
302595.90997936134	4123987.1246992406
302595.923477008	4123987.507302069
302595.93697272346	4123987.8898501545
302595.9504685995	4123988.2724027946
302595.963989743	4123988.6556716594
302595.9735218071	4123988.925866516
302595.9788319381	4123989.2201341493
302595.98882427096	4123989.5231028106
302595.9988064869	4123989.8257647264
302596.00879298715	4123990.1285565454
302596.02466766513	4123990.4127166355
302596.0358980539	4123990.7116409335
302596.0471253647	4123991.010483303
302596.05835548573	4123991.309400474
302596.0695805207	4123991.6081822678
302596.08643333963	4123991.922178081
302596.09864945343	4123992.2236986565
302596.11086833355	4123992.5252875104
302596.1230870689	4123992.826872791
302596.1353034735	4123993.1284005432
302596.1493007737	4123993.424864775
302596.1618451975	4123993.725562322
302596.1743881271	4123994.0262240507
302596.1869173023	4123994.326556079
302596.1994675571	4123994.627393397
302596.2095848037	4123994.869910016
302596.22237391333	4123995.1935261795
302596.23455392243	4123995.488239822
302596.2467504981	4123995.7833543154
302596.2589395172	4123996.0782859693
302596.2711262112	4123996.373161362
302596.2834186158	4123996.6913194084
302596.29562039615	4123996.9900753237
302596.30783265375	4123997.289087772
302596.3200473851	4123997.5881607886
302596.3291074795	4123997.866806675
302596.3406562826	4123998.1616924684
302596.3521958686	4123998.456342912
302596.36373077775	4123998.750873935
302596.37527132727	4123999.0455489815
302596.3875017659	4123999.3625726476
302596.3991607082	4123999.661102011
302596.41082062357	4123999.9596562907
302596.42248860106	4124000.2584170033
302596.4341535206	4124000.557099415
302596.4406412962	4124000.723220104
302596.4553828841	4124001.11655731
302596.46671229106	4124001.409111288
302596.47806048236	4124001.7021503253
302596.48939218617	4124001.994763613
302596.50024002703	4124002.2748823348
302596.51535009453	4124002.5954505443
302596.5272302272	4124002.8907065317
302596.53911475133	4124003.18607166
302596.55100168264	4124003.4814966144
302596.56506452843	4124003.759346421
302596.57740438555	4124004.05092264
302596.58975939767	4124004.342856953
302596.6021016092	4124004.6344888033
302596.6144419076	4124004.9260754487
302596.6205364369	4124005.2187947733
302596.6317821827	4124005.510641649
302596.64302819676	4124005.8024954856
302596.65428024385	4124006.094505891
302596.6655277328	4124006.3863980053
302596.67347871064	4124006.59273986
302596.69882644695	4124006.9744075104
302596.7117943086	4124007.2670493023
302596.7247596974	4124007.5596352876
302596.737728486	4124007.8522979976
302596.79077937384	4124008.1401411626
302596.8119217939	4124008.4315451602
302596.83308287704	4124008.7232063888
302596.8542389154	4124009.014798086
302596.8753969721	4124009.306417602
302596.8881644666	4124009.5679755625
302596.9078989128	4124009.8544980166
302596.92764771	4124010.1412288323
302596.947385215	4124010.427795698
302596.96711825015	4124010.7142976653
302596.9984551244	4124011.0100030634
302597.02031438064	4124011.2983643594
302597.04215826956	4124011.586522933
302597.06400398177	4124011.8747055586
302597.0858525583	4124012.1629259707
302597.10349044035	4124012.395600059
302597.167606173	4124012.724652019
302597.19560137525	4124013.010509962
302597.22358322697	4124013.2962315846
302597.2515680825	4124013.5819838783
302597.2942436628	4124013.8613464423
302597.3253119377	4124014.1459354158
302597.35635318834	4124014.4302768433
302597.3874122078	4124014.7147810347
302597.41847678117	4124014.999336101
302597.4687379028	4124015.2875547516
302597.50315584114	4124015.57259265
302597.5375512068	4124015.85744361
302597.57201798446	4124016.14288598
302597.60643140756	4124016.4278864856
302597.6290622533	4124016.61530761
302597.6671341815	4124016.9784918763
302597.70032823033	4124017.2609554036
302597.73345392325	4124017.542837258
302597.7665867276	4124017.824779627
302597.799722694	4124018.106748903
302597.8658143733	4124018.3929953184
302597.90454372455	4124018.6760403337
302597.9432495554	4124018.9589134557
302597.981921253	4124019.241537122
302598.0199341939	4124019.50560746
302598.0584724982	4124019.784297667
302598.09703699657	4124020.063177296
302598.1355923048	4124020.341990467
302598.1741526668	4124020.620840185
302598.2089811662	4124020.906433556
302598.24686980096	4124021.186512614
302598.2847548238	4124021.466564972
302598.3226421043	4124021.7466340186
302598.36052848137	4124022.026696387
302598.3948785369	4124022.280617682
302598.42500568694	4124022.5980332065
302598.4610630521	4124022.8801311012
302598.49710323464	4124023.162094566
302598.53313353844	4124023.443980744
302598.5864434159	4124023.7048556204
302598.6260639414	4124023.9822564926
302598.6657005324	4124024.2597698458
302598.70535035466	4124024.537375838
302598.744994035	4124024.8149388274
302598.80519108387	4124025.08986156
302598.8483999123	4124025.367076512
302598.8915660078	4124025.644017302
302598.93476042134	4124025.921139772
302598.97795431875	4124026.1982589304
302599.0041914883	4124026.3665887825
302599.0615487831	4124026.7338927663
302599.10432861367	4124027.0082484414
302599.147069199	4124027.2823524293
302599.18982456496	4124027.5565512083
302599.2325743235	4124027.8307140255
302599.2721891208	4124028.1160655865
302599.31440699846	4124028.3920823
302599.35662185494	4124028.668079262
302599.398869429	4124028.9442901285
302599.435963439	4124029.2023693174
302599.4770407797	4124029.4743532436
302599.51814408187	4124029.7465090672
302599.55927236954	4124030.018830327
302599.60036440566	4124030.290911555
302599.6458556405	4124030.5966230314
302599.68754756765	4124030.8734991606
302599.72944917047	4124031.1517677456
302599.7713268085	4124031.429877181
302599.8131854778	4124031.707860645
302599.8490990749	4124031.9463628777
302599.8885771569	4124032.2042905767
302599.92912234407	4124032.4728594096
302599.96963178983	4124032.7411914933
302600.0101190165	4124033.009376399
302600.0579786588	4124033.3061094712
302600.1000793113	4124033.580611453
302600.1422095743	4124033.8553064987
302600.18430822075	4124034.1297954004
302600.22640937427	4124034.4043006483
302600.27716808714	4124034.6728502642
302600.32081205497	4124034.9462581645
302600.36446434876	4124035.219718223
302600.40812132385	4124035.4932076074
302600.4517678953	4124035.766631818
302600.4848132185	4124035.9736444447
302600.5081041965	4124036.2916573547
302600.54678829276	4124036.561558634
302600.58550006413	4124036.831653004
302600.62415464374	4124037.1013483433
302600.6112646493	4124037.3613388427
302600.6392185612	4124037.629463946
302600.6671418452	4124037.897295276
302600.69506612764	4124038.1651361827
302600.7229957372	4124038.4330281857
302600.6721732629	4124038.722790368
302600.686271738	4124038.994581123
302600.7003621479	4124039.266216396
302600.7144584389	4124039.537965047
302600.72855573846	4124039.80973314
302600.73781749286	4124039.9882814726
302600.70949587744	4124040.336601562
302600.71614049526	4124040.605663381
302600.72278955	4124040.8749048645
302600.7294317913	4124041.1438704464
302600.736077756	4124041.4129868024
302600.7532639733	4124041.674205209
302600.76168590283	4124041.942063667
302600.77010221203	4124042.209743369
302600.77852956165	4124042.477774209
302600.7679843763	4124042.745299316
302600.77227804135	4124043.0131992707
302600.77657288295	4124043.281172638
302600.7808621989	4124043.5488012354
302600.78515371506	4124043.8165671113
302600.72441624664	4124044.0629100846
302600.717180457	4124044.3270278256
302600.7099441503	4124044.5911644436
302600.70271060255	4124044.855200353
302600.6954799002	4124045.1191323996
302600.651409869	4124045.384902901
302600.63736228156	4124045.6465482167
302600.6231930812	4124045.9104586495
302600.60902337433	4124046.1743785175
302600.5948523164	4124046.4383235485
302600.58129971655	4124046.6907494036
302600.5744577662	4124047.020355201
302600.5616074596	4124047.2931418964
302600.5487531678	4124047.56601319
302600.535896731	4124047.8389300164
302600.52303968044	4124048.1118598734
302600.5218623605	4124048.436021489
302600.5109997767	4124048.717844026
302600.5001401702	4124048.9995893226
302600.4892764215	4124049.2814420857
302600.48095097084	4124049.5842564884
302600.4706260846	4124049.8704331345
302600.4602945516	4124050.156794009
302600.4499701574	4124050.4429570176
302600.4396386245	4124050.7293178914
302600.4197454935	4124051.051729676
302600.4077710804	4124051.3441133983
302600.39579281176	4124051.6365912626
302600.3838105456	4124051.9291667347
302600.3718389879	4124052.221480735
302600.3799044471	4124052.560801255
302600.3715430378	4124052.861707375
302600.36318262527	4124053.1625776244
302600.35481972044	4124053.463537564
302600.3464595073	4124053.764400637
302600.340544367	4124053.9772716807
302600.34316924214	4124054.424088384
302600.3369371094	4124054.7344560823
302600.3307095051	4124055.044598256
302600.3244857609	4124055.354548197
302600.3215676152	4124055.5095334626
302600.3160023691	4124055.788624167
302600.3104338061	4124056.06788121
302600.30486796313	4124056.347001844
302600.29930490616	4124056.6259827632
302600.28453666874	4124057.125565018
302600.27716091834	4124057.4480997236
302600.2697849921	4124057.770642118
302600.2624153939	4124058.0929077934
302600.2550398193	4124058.4154348094
302600.2431063781	4124058.730099406
302600.23493184877	4124059.051170729
302600.2267569291	4124059.372257383
302600.21858317923	4124059.693298094
302600.21040592133	4124060.0144765857
302600.2050386174	4124060.2252884004
302600.2275129498	4124060.623012963
302600.2246105847	4124060.9390233583
302600.221709395	4124061.254905769
302600.218809381	4124061.570660164
302600.2159078803	4124061.8865764462
302600.21722450515	4124062.2167577897
302600.2150388124	4124062.5351144318
302600.2128546566	4124062.8532472267
302600.21066906815	4124063.1715886868
302600.2055680336	4124063.5060826885
302600.20274795673	4124063.827895954
302600.1999292244	4124064.149555784
302600.19710867683	4124064.471422758
302600.19428826385	4124064.793274382
302600.1821084912	4124065.0539095756
302600.1776313301	4124065.364765856
302600.1731514993	4124065.6758075
302600.16867481876	4124065.9866304146
302600.16419461445	4124066.2976979925
302600.16013104556	4124066.579837922
302600.1781149964	4124066.9750660677
302600.1773915185	4124067.295023296
302600.17666807515	4124067.6149652577
302600.17594376905	4124067.935288759
302600.1873284189	4124068.2020986825
302600.18910491257	4124068.5111577287
302600.1908811734	4124068.820176256
302600.19265758246	4124069.129220575
302600.19443447865	4124069.4383496414
302600.196949314	4124069.7841647547
302600.1988552736	4124070.099509333
302600.2007632797	4124070.4151925063
302600.20267119474	4124070.7308606114
302600.2045786778	4124071.046457239
302600.20602287876	4124071.2854029834
302600.2050056966	4124071.6633250103
302600.20637039596	4124071.976612369
302600.2077363969	4124072.290198535
302600.2091013077	4124072.6035344414
302600.20859585254	4124072.889607788
302600.20957471686	4124073.197365795
302600.21055370953	4124073.5051641464
302600.21153214213	4124073.812786411
302600.2125110648	4124074.120562744
302600.2130131424	4124074.4598714877
302600.2139094973	4124074.7733074045
302600.21480454947	4124075.086287785
302600.2157010005	4124075.399757295
302600.21659655456	4124075.712913174
302600.21718496503	4124075.9186675916
302600.2188507369	4124076.2446317696
302600.21981964447	4124076.5429879143
302600.22078834404	4124076.8412800436
302600.2217570437	4124077.139572173
302600.22373762756	4124077.3827684373
302600.2249128797	4124077.6697410056
302600.2260888324	4124077.9568846445
302600.2272637202	4124078.243768248
302600.2284395889	4124078.5308913784
302600.2309949551	4124078.7163279466
302600.2324072192	4124078.986090409
302600.23381909623	4124079.255778941
302600.23523093964	4124079.5254610544
302600.23664204247	4124079.7950016977
302600.23735858407	4124079.931871307
302600.2399728193	4124080.1704175575
302600.24146302167	4124080.4148883806
302600.2429530286	4124080.6593271503
302600.24444282247	4124080.9037309694
302600.24593217234	4124081.1480619432
302600.2477577185	4124081.3051278405
302600.2493036897	4124081.534981243
302600.2508492002	4124081.7647661427
302600.2523963508	4124081.9947948973
302600.2539523992	4124082.1186909005
302600.2555009938	4124082.3257856965
302600.2570487578	4124082.532769413
302600.2585970756	4124082.7398271896
302600.2601454118	4124082.94688743
302600.26180282613	4124083.0715449844
302600.2633690369	4124083.2635176606
302600.26493823814	4124083.4558568755
302600.2665055143	4124083.6479601352
302600.2680743043	4124083.8402489517
302600.26949580444	4124084.0144842425
302600.2714565278	4124084.124939462
302600.27306601737	4124084.300887516
302600.2746750659	4124084.47678736
302600.2762826188	4124084.652523699
302600.2795383275	4124084.895487983
302600.28115400654	4124085.0524396114
302600.2827692042	4124085.2093444746
302600.2843835354	4124085.3661651663
302600.2870772623	4124085.5754980496
302600.2886118727	4124085.716693533
302600.29014683067	4124085.8579209917
302600.2916809472	4124085.9990710313
302600.29284199857	4124086.1058963286
302600.29470160726	4124086.2743279147
302600.2960173291	4124086.3950159964
302600.29733278416	4124086.5156796114
302600.29827806127	4124086.6523668664
302600.2993027017	4124086.7549815727
302600.30032797746	4124086.857659899
302600.3013534853	4124086.960361471
302600.3038647597	4124087.1315798764
302600.305769655	4124087.3016073657
302600.30906257266	4124087.4613513476
302600.31084248726	4124087.5880722734
302600.3144769273	4124087.698686821
302600.3138327772	4124087.596947947
