-165.19468309727512	117.49965956328252
-165.1985365033544	117.39888669854325
-165.20237474804148	117.29812147041218
-165.20619806751395	117.19736386086375
-165.21000669794967	117.09661385187225
-165.21380087552637	116.99587142541219
-165.21758083642166	116.89513656345795
-165.22134681681337	116.794409247984
-165.22509905287905	116.69368946096483
-165.22883778079657	116.59297718437469
-165.23256323674357	116.49227240018807
-165.23627565689776	116.39157509037939
-165.23997527743694	116.29088523692309
-165.24366233453864	116.19020282179366
-165.24733706438076	116.08952782696535
-165.25099970314093	115.9888602344127
-165.2546504869969	115.88820002611007
-165.25828965212634	115.78754718403196
-165.2619174347069	115.68690169015277
-165.26553407091646	115.58626352644684
-165.2691397969326	115.48563267488863
-165.2727348489331	115.3850091174526
-165.27631946309572	115.2843928361131
-165.27989387559796	115.18378381284468
-165.28345832261778	115.08318202962164
-165.2870130403328	114.98258746841839
-165.2905582649207	114.88200011120944
-165.2940942325592	114.78141993996914
-165.29762117942602	114.68084693667194
-165.3011393416989	114.58028108329226
-165.30464895555554	114.47972236180449
-165.30815025717365	114.37917075418308
-165.31164348273103	114.27862624240248
-165.31512886840517	114.1780888084371
-165.318606650374	114.07755843426125
-165.32207706481518	113.97703510184947
-165.32554034790633	113.87651879317615
-165.32899673582534	113.77600949021571
-165.3324464647497	113.67550717494255
-165.33588977085728	113.57501182933116
-165.33932689032576	113.47452343535586
-165.34275805933285	113.37404197499116
-165.3461835140563	113.27356743021139
-165.34960349067367	113.173099782991
-165.3530182253629	113.07263901530452
-165.35642795430152	112.9721851091262
-165.3598329136673	112.87173804643056
-165.3632333396381	112.771297809192
-165.36662946839132	112.67086437938494
-165.37002153610496	112.57043773898378
-165.3734097789566	112.47001786996299
-165.37679443312396	112.36960475429693
-165.38017573478484	112.26919837396008
-165.3835539201168	112.1687987109268
-165.38692922529768	112.06840574717158
-165.39030188650517	111.96801946466876
-165.39367213991696	111.86763984539283
-165.39704022171074	111.76726687131814
-165.4004063680643	111.66690052441919
-165.4037708151552	111.56654078667037
-165.40713379916141	111.46618764004609
-165.41049555626046	111.36584106652072
-165.41385632263004	111.2655010480688
-165.41721633444791	111.16516756666462
-165.4205758278918	111.06484060428271
-165.42393503913945	110.96452014289743
-165.42729420436854	110.86420616448319
-165.4306535597568	110.76389865101444
-165.4340133414819	110.66359758446563
-165.43737378572155	110.56330294681115
-165.44073512865353	110.46301472002536
-165.4440976064555	110.36273288608275
-165.44746145530522	110.26245742695772
-165.45082691138032	110.16218832462471
-165.45419421085862	110.06192556105816
-165.45756358991773	109.9616691182324
-165.46093528473546	109.86141897812193
-165.46430953148945	109.76117512270113
-165.46768656635746	109.66093753394445
-165.47106662551718	109.5607061938263
-165.47444994514632	109.46048108432109
-165.4778367614226	109.36026218740322
-165.48122731052376	109.26004948504715
-165.48462182862738	109.1598429592273
-165.4880205519114	109.0596425919181
-165.4914237165534	108.95944836509396
-165.49483155873108	108.85926026072922
-165.49824431462218	108.75907826079836
-165.50166222040443	108.65890234727588
-165.5050855122555	108.55873250213614
-165.50851442635314	108.45856870735346
-165.51194919887507	108.3584109449024
-165.51539006599893	108.25825919675731
-165.51883726390255	108.15811344489269
-165.52229102876356	108.05797367128285
-165.52575159675973	107.95783985790226
-165.5292192040687	107.85771198672533
-165.53269408686822	107.75759003972645
-165.53617648133604	107.65747399888019
-165.53966662364985	107.55736384616083
-165.54316474998728	107.45725956354276
-165.54667109652618	107.35716113300052
-165.55018589944422	107.25706853650843
-165.55370939491905	107.15698175604098
-165.55724181912845	107.05690077357258
-165.5607834082501	106.95682557107759
-165.5643343984617	106.85675613053044
-165.56789502594103	106.75669243390566
-165.57146552686572	106.65663446317755
-165.5750461374136	106.55658220032063
-165.57863709376224	106.45653562730921
-165.5822386320894	106.35649472611775
-165.58585098857287	106.2564594787207
-165.5894743993903	106.15642986709248
-165.59310910071935	106.05640587320751
-165.59675532873788	105.95638747904016
-165.6004133196235	105.8563746665649
-165.60408330955386	105.7563674177561
-165.60776553470686	105.65636571458828
-165.61146023126003	105.55636953903577
-165.61516763539123	105.45637887307299
-165.61888798327806	105.3563936986744
-165.6226215110983	105.25641399781439
-165.62636845502962	105.15643975246743
-165.63012905124975	105.0564709446079
-165.63390353593644	104.95650755621021
-165.63769214526732	104.8565495692488
-165.6414951154202	104.75659696569807
-165.64531268257275	104.65664972753252
-165.6491450829026	104.55670783672649
-165.65299255258765	104.45677127525437
-165.65685532780546	104.35684002509068
-165.6607336447338	104.25691406820971
-165.66462773955035	104.15699338658604
-165.66853784843286	104.05707796219401
-165.67246418002784	103.95716777700798
-165.67640648756762	103.85726281300246
-165.6803641500545	103.75736305215182
-165.68433653539265	103.65746847643054
-165.6883230114864	103.55757906781298
-165.69232294623998	103.45769480827357
-165.69633570755758	103.35781567978677
-165.70036066334356	103.25794166432692
-165.70439718150217	103.15807274386854
-165.70844462993753	103.058208900386
-165.71250237655414	102.95835011585368
-165.716569789256	102.85849637224607
-165.7206462359475	102.75864765153756
-165.72473108453286	102.65880393570258
-165.72882370291634	102.55896520671556
-165.73292345900225	102.45913144655084
-165.73702972069478	102.35930263718294
-165.7411418558982	102.25947876058625
-165.74525923251682	102.15965979873519
-165.74938121845477	102.05984573360413
-165.75350718161638	101.96003654716759
-165.757636489906	101.86023222139988
-165.7617685112277	101.7604327382755
-165.76590261348585	101.66063807976886
-165.77003816458478	101.56084822785436
-165.77417453242853	101.4610631645064
-165.7783110849215	101.36128287169944
-165.78244718996794	101.26150733140791
-165.7865822154721	101.16173652560614
-165.7907155293382	101.06197043626868
-165.79484649947054	100.96220904536987
-165.79897449377333	100.86245233488413
-165.8030988801509	100.76270028678591
-165.80721902650745	100.66295288304961
-165.81133430074723	100.56321010564966
-165.81544407077448	100.46347193656047
-165.81954770449346	100.36373835775652
-165.82364456980855	100.26400935121212
-165.82773403462386	100.16428489890176
-165.8318154668437	100.06456498279982
-165.8358882343723	99.9648495848808
-165.83995170511392	99.86513868711907
-165.8440052469728	99.76543227148902
-165.8480482278533	99.66573031996509
-165.8520800156596	99.56603281452172
-165.85609997829593	99.46633973713334
-165.86010748366658	99.3666510697743
-165.86410189967577	99.26696679441913
-165.86808259422781	99.16728689304216
-165.87204893522696	99.06761134761786
-165.87600029057742	98.96794014012056
-165.8799360281834	98.86827325252486
-165.8838555159493	98.768610666805
-165.8877581217793	98.66895236493549
-165.89164321357768	98.56929832889074
-165.8955101592487	98.46964854064512
-165.89935832669647	98.37000298217315
-165.90318708382543	98.27036163544916
-165.90699579853984	98.1707244824476
-165.9107838387438	98.07109150514293
-165.91455057234165	97.97146268550948
-165.91829536723773	97.87183800552174
-165.9220175913361	97.77221744715413
-165.92571661254124	97.67260099238105
-165.92939179875725	97.57298862317693
-165.93304251788842	97.47338032151619
-165.93666813783906	97.3737760693732
-165.94026802651334	97.27417584872246
-165.9438415518156	97.17457964153834
-165.94738808165	97.0749874297953
-165.95090698392087	96.97539919546772
-165.95439762653243	96.87581492053002
-165.95785937738904	96.77623458695668
-165.9612916043948	96.67665817672204
-165.96469367545404	96.57708567180057
-165.96806495847102	96.47751705416665
-165.97140482134998	96.37795230579474
-165.97471263199523	96.27839140865927
-165.97798775831092	96.17883434473463
-165.98122956820137	96.07928109599526
-165.9844374295708	95.9797316444155
-165.98761071032357	95.8801859719699
-165.99074877836378	95.78064406063281
-165.99385100159583	95.68110589237865
-165.99691674792388	95.58157144918187
-165.99994538525226	95.48204071301683
-166.00293628148515	95.382513665858
-166.00588880452682	95.2829902896798
-166.00880232228155	95.1834705664566
-166.01167620265363	95.08395447816292
-166.01450981354722	94.98444200677311
-166.01730252286671	94.88493313426157
-166.0200536985162	94.78542784260277
-166.02276270840008	94.6859261137711
-166.0254289204225	94.586427929741
-166.02805170248783	94.48693327248691
-166.0306304225002	94.38744212398318
-166.03316444836398	94.28795446620428
-166.03565314798334	94.18847028112462
-166.03809588926254	94.08898955071862
-166.04049204010593	93.98951225696074
-166.04284096841766	93.89003838182532
-166.04514204210201	93.79056790728684
-166.04739462906332	93.69110081531969
-166.04959809720572	93.59163708789829
-166.05175181443357	93.49217670699711
-166.05385514865102	93.39271965459052
-166.05590746776244	93.29326591265296
-166.05790813967195	93.19381546315881
-166.059856532284	93.09436828808258
-166.06175201350263	92.9949243693986
-166.0635939512323	92.89548368908133
-166.06538189139889	92.79604622910519
-166.067116944247	92.6966119714446
-166.06880103182547	92.59718089807394
-166.07043608308388	92.49775299096771
-166.07202402697186	92.39832823210025
-166.073566792439	92.29890660344607
-166.07506630843517	92.19948808697947
-166.07652450390975	92.10007266467497
-166.07794330781246	92.00066031850696
-166.079324649093	91.90125103044984
-166.08067045670103	91.80184478247807
-166.08198265958606	91.70244155656604
-166.0832631866978	91.60304133468817
-166.08451396698592	91.50364409881892
-166.08573692940004	91.40424983093264
-166.08693400288976	91.30485851300378
-166.08810711640476	91.2054701270068
-166.08925819889475	91.10608465491607
-166.0903891793092	91.00670207870606
-166.09150198659788	90.90732238035113
-166.09259854971046	90.8079455418257
-166.09368079759642	90.70857154510428
-166.09475065920557	90.60920037216121
-166.0958100634874	90.50983200497093
-166.09686093939172	90.41046642550786
-166.097905215868	90.31110361574642
-166.098944821866	90.21174355766104
-166.0999816863353	90.1123862332261
-166.1010177382256	90.0130316244161
-166.10205490648644	89.91367971320537
-166.10309512006754	89.81433048156839
-166.10414030791858	89.71498391147955
-166.10519239898912	89.6156399849133
-166.10625332222878	89.51629868384403
-166.10732500658722	89.41695999024618
-166.10840938101418	89.31762388609417
-166.10950837445918	89.21829035336239
-166.1106239158719	89.11895937402531
-166.111757934202	89.01963093005732
-166.1129123583991	88.92030500343286
-166.1140891174128	88.82098157612627
-166.11529014019283	88.72166063011208
-166.11651735568879	88.62234214736468
-166.11777269285037	88.52302610985845
-166.11905808062707	88.42371249956784
-166.12037544796863	88.32440129846725
-166.12172672382465	88.22509248853115
-166.12311383714487	88.1257860517339
-166.12453871687882	88.02648197004996
-166.12600329197616	87.92718022545374
-166.12750949138658	87.82788079991964
-166.12905924405965	87.72858367542209
-166.13065447894513	87.62928883393556
-166.13229712499248	87.52999625743439
-166.13398911115152	87.43070592789304
-166.1357323663718	87.33141782728593
-166.13752881960292	87.2321319375875
-166.1393803997946	87.13284824077213
-166.14128903589642	87.03356671881426
-166.14325665685809	86.93428735368829
-166.1452851916292	86.83501012736869
-166.1473765691594	86.73573502182985
-166.14953271839835	86.63646201904615
-166.15175556829567	86.5371911009921
-166.154047047801	86.43792224964204
-166.156409085864	86.33865544697044
-166.15884361143426	86.23939067495168
-166.16135255346146	86.14012791556019
-166.16393784089527	86.04086715077042
-166.16660140268525	85.94160836255678
-166.1693451677811	85.84235153289367
-166.17217106513243	85.7430966437555
-166.175081023689	85.64384367711676
-166.17807697240025	85.54459261495178
-166.1811608402159	85.44534343923505
-166.18433455608567	85.34609613194095
-166.18760004895913	85.24685067504392
-166.1909592477859	85.14760705051837
-166.19441408151567	85.04836524033868
-166.19796647909803	84.9491252264794
-166.2016183694827	84.84988699091483
-166.20537168161923	84.7506505156194
-166.20922834445736	84.65141578256755
-166.21319028694663	84.5521827737337
-166.2172594380367	84.45295147109232
-166.22143772667727	84.35372185661775
-166.2257270818179	84.25449391228447
-166.2301294324083	84.15526762006684
-166.2346467073981	84.05604296193934
-166.23928083573688	83.95681991987637
-166.24403374637433	83.85759847585234
-166.24890736826012	83.75837861184165
-166.2539036303438	83.65916030981879
-166.25902446157514	83.5599435517581
-166.26427179090365	83.46072831963406
-166.26964754727902	83.36151459542107
-166.27515365965098	83.26230236109352
-166.280792056969	83.1630915986259
-166.28656466818285	83.06388228999255
-166.29247342224215	82.96467441716793
-166.29852024809642	82.86546796212647
-166.30470707469544	82.76626290684258
-166.31103583098886	82.66705923329067
-166.31750844592622	82.56785692344518
-166.32412684845724	82.46865595928051
-166.33089296753153	82.3694563227711
-166.33780873209867	82.27025799589137
-166.34487607110844	82.17106096061572
-166.35209691351037	82.07186519891856
-166.35947318825416	81.97267069277434
-166.36700682428938	81.87347742415747
-166.37469975073753	81.7742853750423
-166.38255476981192	81.67509452700774
-166.39057758770636	81.57590486031746
-166.39877451361298	81.47671635496208
-166.40715185672408	81.37752899093216
-166.415715926232	81.27834274821828
-166.42447303132892	81.17915760681103
-166.4334294812071	81.07997354670105
-166.4425915850589	80.98079054787885
-166.45196565207652	80.88160859033502
-166.46155799145217	80.78242765406021
-166.47137491237825	80.68324771904494
-166.48142272404687	80.58406876527984
-166.49170773565044	80.48489077275546
-166.50223625638114	80.38571372146241
-166.51301459543123	80.2865375913913
-166.52404906199303	80.18736236253264
-166.5353459652587	80.0881880148771
-166.54691161442068	79.9890145284152
-166.55875231867108	79.88984188313755
-166.57087438720217	79.79067005903475
-166.58328412920633	79.6914990360974
-166.59598785387573	79.592328794316
-166.6089918704027	79.49315931368122
-166.6223024604832	79.39399057418362
-166.63592269589662	79.29482255581382
-166.64984947630995	79.19565523856235
-166.66407900083408	79.09648860241983
-166.67860746858003	78.99732262737679
-166.69343107865865	78.89815729342389
-166.70854603018086	78.79899258055171
-166.72394852225761	78.69982846875078
-166.73963475399984	78.60066493801175
-166.75560092451846	78.50150196832514
-166.7718432329244	78.40233953968156
-166.78835787832855	78.30317763207162
-166.8051410598419	78.20401622548589
-166.82218897657535	78.10485529991499
-166.83949782763978	78.00569483534943
-166.85706381214612	77.90653481177985
-166.87488312920533	77.80737520919682
-166.8929519779284	77.70821600759093
-166.91126655742613	77.6090571869528
-166.92982306680946	77.50989872727294
-166.94861770518935	77.41074060854199
-166.96764667167673	77.3115828107505
-166.98690616538255	77.21242531388909
-167.0063923854177	77.11326809794835
-167.02610153089307	77.01411114291884
-167.04602980091963	76.91495442879115
-167.06617334592505	76.81579793555588
-167.08652637999037	76.71664164320362
-167.10708057618683	76.61748553172491
-167.12782743516308	76.5183295811104
-167.14875845756768	76.41917377135063
-167.1698651440494	76.32001808243618
-167.19113899525675	76.22086249435769
-167.2125715118384	76.12170698710568
-167.23415419444302	76.02255154067079
-167.25587854371918	75.92339613504357
-167.27773606031556	75.82424075021463
-167.29971824488078	75.72508536617454
-167.3218165980635	75.6259299629139
-167.34402262051228	75.52677452042326
-167.3663278128758	75.42761901869325
-167.38872367580268	75.32846343771443
-167.41120170994157	75.22930775747741
-167.43375341594108	75.13015195797274
-167.4563702944499	75.03099601919105
-167.47904384611664	74.9318399211229
-167.50176557158986	74.83268364375883
-167.52452697151824	74.7335271670895
-167.5473195465504	74.63437047110547
-167.57013479733504	74.53521353579735
-167.59296422452076	74.43605634115566
-167.61579932875614	74.33689886717104
-167.63863161068983	74.23774109383406
-167.66145257097057	74.13858300113532
-167.68425371024685	74.03942456906537
-167.70702652916736	73.94026577761484
-167.7297625283807	73.84110660677428
-167.75245320853554	73.74194703653428
-167.77509007028056	73.64278704688547
-167.7976646142643	73.54362661781835
-167.82016834113548	73.44446572932361
-167.84259275154264	73.34530436139174
-167.8649293461345	73.24614249401341
-167.88716962555964	73.14698010717912
-167.90930509046666	73.04781718087953
-167.93132724150425	72.94865369510518
-167.95322757932107	72.84948962984669
-167.97499760456571	72.7503249650946
-167.9966288178868	72.65115968083954
-168.01811271993296	72.5519937570721
-168.03944081135288	72.45282717378282
-168.06060459279513	72.35365991096229
-168.08159556490835	72.25449194860117
-168.10240522834124	72.15532326668995
-168.1230250837423	72.0561538452193
-168.14344714053576	71.95698366417972
-168.16366924154593	71.85781270356185
-168.18369295491925	71.75864094335627
-168.20351990919903	71.65946836355356
-168.2231517329282	71.56029494414432
-168.2425900546499	71.4611206651191
-168.2618365029072	71.36194550646853
-168.28089270624318	71.26276944818316
-168.29976029320096	71.16359247025358
-168.31844089232365	71.0644145526704
-168.3369361321542	70.96523567542418
-168.3552476412359	70.86605581850552
-168.37337704811168	70.76687496190503
-168.39132598132466	70.66769308561324
-168.40909606941798	70.56851016962077
-168.42668894093467	70.46932619391819
-168.44410622441782	70.3701411384961
-168.46134954841062	70.27095498334509
-168.478420541456	70.17176770845575
-168.49532083209712	70.07257929381863
-168.51205204887705	69.97338971942435
-168.52861582033898	69.8741989652635
-168.54501377502586	69.77500701132661
-168.56124754148084	69.67581383760435
-168.57731874824697	69.57661942408721
-168.59322902386745	69.47742375076588
-168.60897999688518	69.37822679763086
-168.62457329584342	69.27902854467278
-168.64001054928514	69.17982897188222
-168.65529338575345	69.08062805924976
-168.6704234337915	68.98142578676598
-168.68540232194235	68.88222213442147
-168.70023167874902	68.78301708220684
-168.71491313275473	68.68381061011263
-168.72944831250243	68.58460269812944
-168.74383884653537	68.48539332624789
-168.7580863633964	68.38618247445855
-168.77219249162877	68.28697012275197
-168.78615885977558	68.18775625111877
-168.79998709637985	68.08854083954952
-168.81367882998464	67.98932386803483
-168.82723568913323	67.89010531656527
-168.8406593023684	67.79088516513141
-168.8539512982335	67.69166339372386
-168.86711330527152	67.5924399823332
-168.88014695202557	67.49321491095002
-168.89305386703865	67.39398815956488
-168.90583567885395	67.29475970816841
-168.91849401601448	67.19552953675117
-168.9310305070634	67.09629762530372
-168.94344678054375	66.99706395381666
-168.95574446499865	66.89782850228063
-168.96792518897115	66.79859125068614
-168.97999058100436	66.69935217902383
-168.99194226964136	66.60011126728426
-169.00378188342526	66.50086849545801
-169.0155110508991	66.4016238435357
-169.027131400606	66.30237729150787
-169.03864456108906	66.20312881936515
-169.0500521608913	66.10387840709807
-169.06135582855586	66.00462603469727
-169.07255719262588	65.90537168215332
-169.08365788164437	65.80611532945679
-169.09465952415442	65.70685695659827
-169.10556374869913	65.60759654356836
-169.11637218382162	65.50833407035765
-169.12708645806492	65.40906951695672
-169.13770819997217	65.30980286335611
-169.14823903808636	65.21053408954648
-169.15868060095073	65.11126317551836
-169.1690345171083	65.01199010126238
-169.1793024151021	64.91271484676909
-169.18948592347525	64.81343739202909
-169.19958667077088	64.71415771703296
-169.209606285532	64.61487580177129
-169.21954639630178	64.51559162623468
-169.22940863162327	64.4163051704137
-169.23919462003957	64.3170164142989
-169.2489059900937	64.21772533788095
-169.25854437032885	64.11843192115037
-169.26811138928804	64.01913614409776
-169.27760867551441	63.91983798671372
-169.28703785755093	63.82053742898882
-169.29640056394086	63.72123445091366
-169.30569842322714	63.62192903247881
-169.31493306395294	63.522621153674876
-169.32410611466133	63.42331079449243
-169.33321920389537	63.32399793492203
-169.34227396019818	63.22468255495432
-169.35127201211284	63.12536463457985
-169.36021498818238	63.026044153789194
-169.36910446116335	62.92672109341143
-169.37794123832242	62.827395445780496
-169.38672557117215	62.72806721158308
-169.3954576987382	62.62873639169358
-169.40413786004612	62.52940298698631
-169.41276629412152	62.4300669983357
-169.42134323999005	62.330728426616034
-169.42986893667742	62.23138727270177
-169.43834362320908	62.13204353746719
-169.44676753861071	62.032697221786684
-169.45514092190797	61.93334832653465
-169.46346401212648	61.833996852585415
-169.47173704829183	61.73464280081336
-169.47996026942963	61.63528617209285
-169.4881339145655	61.53592696729823
-169.49625822272515	61.4365651873039
-169.50433343293406	61.337200832984166
-169.51235978421792	61.237833905213456
-169.5203375156024	61.1384644048661
-169.52826686611306	61.03909233281648
-169.53614807477544	60.939717689938945
-169.54398138061532	60.84034047710786
-169.55176702265825	60.74096069519761
-169.55950523992982	60.64157834508253
-169.56719627145569	60.542193427637
-169.57484035626143	60.44280594373538
-169.58243773337276	60.34341589425203
-169.58998864181515	60.244023280061356
-169.59749332061438	60.14462810203765
-169.60495200879595	60.04523036105534
-169.61236494538554	59.94583005798875
-169.61973236940878	59.84642719371227
-169.6270545198912	59.747021769100265
-169.63433163585853	59.64761378502707
-169.64156395633628	59.54820324236707
-169.64875172035025	59.448790141994635
-169.65589516692583	59.349374484784114
-169.66299453508884	59.249956271609896
-169.67005006386475	59.150535503346305
-169.67706199227928	59.05111218086775
-169.684030559358	58.95168630504856
-169.69095600412655	58.85225787676312
-169.69783856561057	58.75282689688581
-169.70467848283556	58.653393366290935
-169.71147599482725	58.55395728585292
-169.7182313406113	58.4545186564461
-169.72494475921326	58.35507747894485
-169.7316164896588	58.25563375422354
-169.7382467709734	58.15618748315651
-169.74483584218285	58.05673866661815
-169.75138394231269	57.95728730548282
-169.75789131038852	57.857833400624855
-169.764358185436	57.75837695291868
-169.77078480648075	57.65891796323859
-169.7771714125484	57.55945643245901
-169.78351824266448	57.45999236145425
-169.78982553585476	57.36052575109871
-169.7960935311447	57.26105660226675
-169.8023224675601	57.16158491583275
-169.80851258412642	57.062110692671034
-169.81466411986932	56.962633933655965
-169.82077731381446	56.863154639661964
-169.82685240498742	56.76367281156335
-169.83288963241384	56.66418845023449
-169.83888923511938	56.56470155654977
-169.84485145212957	56.46521213138353
-169.85077652247008	56.36572017561017
-169.85666468516652	56.26622569010401
-169.86251617924455	56.166728675739435
-169.86833124372973	56.06722913339079
-169.87411011764775	55.967727063932486
-169.8798530400241	55.86822246823887
-169.88556024988458	55.76871534718428
-169.89123198625464	55.6692057016431
-169.89686848816004	55.5696935324897
-169.9024699946263	55.470178840598415
-169.90803674467907	55.37066162684364
-169.913568977344	55.27114189209975
-169.91906693164665	55.17161963724106
-169.92453084661273	55.072094863141984
-169.9299609612677	54.972567570676844
-169.93535751463736	54.873037760720045
-169.94072074574726	54.773505434145946
-169.94605089362298	54.67397059182888
-169.9513481972902	54.57443323464324
-169.9566128957745	54.47489336346336
-169.9618452281015	54.37535097916364
-169.96704543329687	54.27580608261843
-169.97221375038615	54.1762586747021
-169.97735041839505	54.07670875628901
-169.9824556763491	53.977156328253514
-169.98752976327393	53.87760139146999
-169.99257291819526	53.77804394681277
-169.99758538013862	53.678483995156284
-170.00256738812965	53.57892153737485
-170.00751918119394	53.47935657434283
-170.01244099835716	53.37978910693461
-170.01733307864492	53.28021913602455
-170.02219566108283	53.18064666248699
-170.02702898469647	53.08107168719632
-170.03183328851156	52.981494211026906
-170.03660881155363	52.88191423485309
-170.0413557928484	52.782331759549265
-170.04607447142135	52.68274678598977
-170.0507650862981	52.583159315048995
-170.05542787650444	52.48356934760128
-170.06006308106586	52.383976884521005
-170.064670939008	52.28438192668253
-170.06925168935646	52.18478447496021
-170.07380557113692	52.08518453022841
-170.078332823375	51.98558209336153
-170.08283368509626	51.885977165233875
-170.08730839532635	51.78636974671986
-170.09175719309087	51.68675983869382
-170.0961803174155	51.587147442030144
-170.10057800732574	51.487532557603174
-170.10495050184733	51.38791518628728
-170.10929804000588	51.28829532895684
-170.11362086082693	51.188672986486196
-170.11791920333616	51.08904815974974
-170.12219330655915	50.9894208496218
-170.1264434095216	50.88979105697677
-170.13066975124906	50.790158782689
-170.13487257076713	50.69052402763287
-170.13905210710146	50.59088679268273
-170.14320859927773	50.49124707871296
-170.14734228632148	50.391604886597904
-170.15145340725834	50.29196021721195
-170.15554220111392	50.19231307142942
-170.15960890691392	50.09266345012473
-170.1636537636839	49.99301135417221
-170.1676770104494	49.89335678444623
-170.17167888623624	49.79369974182119
-170.17565963006984	49.69404022717139
-170.17961948097593	49.59437824137124
-170.1835586779801	49.49471378529512
-170.187477460108	49.395046859817334
-170.1913760663852	49.29537746581231
-170.1952547358373	49.195705604154355
-170.19911370749	49.09603127571788
-170.2029532203689	48.99635448137724
-170.20677351349957	48.89667522200676
-170.21057482590763	48.796993498480845
-170.21435739661882	48.697309311673855
-170.2181214646586	48.59762266246015
-170.22186726905267	48.497933551714084
-170.22559504882668	48.39824198031003
-170.22930504300618	48.298547949122394
-170.2329974906168	48.19885145902544
-170.2366726306842	48.099152510893646
-170.240330702234	47.999451105601295
-170.2439719442918	47.89974724402277
-170.24759659588315	47.80004092703247
-170.2512048960338	47.7003321555047
-170.2547970837693	47.60062093031389
-170.25837339811528	47.50090725233435
-170.26193407809737	47.40119112244049
-170.26547936274113	47.30147254150663
-170.26900949107224	47.20175151040716
-170.27252470211636	47.102028030016456
-170.27602523489904	47.00230210120886
-170.2795113284459	46.90257372485873
-170.28298322178256	46.80284290184048
-170.28644115393467	46.703109633028404
-170.28988536392785	46.603373919296914
-170.29331609078767	46.50363576152037
-170.29673357353985	46.4038951605731
-170.30013805120987	46.30415211732952
-170.30352976282347	46.204406632663975
-170.30690894740619	46.10465870745082
-170.3102758439837	46.00490834256443
-170.31363069158166	45.90515553887914
-170.3169737292256	45.80540029726935
-170.32030519594113	45.70564261860942
-170.323625330754	45.605882503773714
-170.32693437268964	45.50611995363658
-170.33023256077388	45.40635496907239
-170.3335201340321	45.30658755095552
-170.33679733149017	45.20681770016031
-170.34006439217356	45.10704541756115
-170.3433215551079	45.0072707040324
-170.34656905931888	44.90749356044842
-170.34980714383204	44.807713987683556
-170.35303604767304	44.70793198661221
-170.3562560098675	44.608147558108726
-170.359467269441	44.50836070304746
-170.36267006541925	44.40857142230277
-170.36586463682778	44.308779716749065
-170.3690512226922	44.20898558726066
-170.37223006203823	44.10918903471195
-170.3754013938914	44.00939005997729
-170.37856545727738	43.90958866393104
-170.38172249122175	43.80978484744756
-170.3848727347502	43.709978611401226
-170.3880164268882	43.61016995666641
-170.39115380666152	43.510358884117466
-170.39428511309575	43.41054539462874
-170.3974105852165	43.310729489074625
-170.4005304617151	43.21091116833899
-170.4036448875109	43.111090435974404
-170.40675378575276	43.01126730184489
-170.4098570475352	42.911441776726704
-170.4129545639529	42.81161387139615
-170.41604622610026	42.71178359662944
-170.41913192507198	42.611950963202894
-170.4222115519626	42.51211598189277
-170.42528499786664	42.41227866347532
-170.42835215387868	42.31243901872682
-170.43141291109336	42.212597058423526
-170.43446716060518	42.112752793341734
-170.43751479350874	42.0129062342577
-170.4405557008986	41.91305739194766
-170.44358977386938	41.81320627718793
-170.44661690351555	41.71335290075475
-170.4496369809317	41.613497273424414
-170.45264989721247	41.513639405973166
-170.45565554345237	41.41377930917727
-170.45865381074606	41.31391699381301
-170.46164459018797	41.21405247065663
-170.46462777287275	41.114185750484445
-170.46760324989492	41.01431684407268
-170.47057091234916	40.91444576219761
-170.47353065132992	40.81457251563554
-170.47648235793184	40.71469711516268
-170.4794259232494	40.61481957155535
-170.4823612383773	40.51493989558977
-170.48528819441003	40.41505809804226
-170.4882066824422	40.31517418968905
-170.49111659356834	40.21528818130641
-170.494017818883	40.11540008367065
-170.4969102494808	40.015509907557956
-170.4997937764563	39.91561766374468
-170.50266829090407	39.815723363007066
-170.50553368391869	39.71582701612134
-170.50838984659464	39.61592863386383
-170.5112366700266	39.51602822701077
-170.51407404530906	39.41612580633842
-170.51690186353665	39.316221382623084
-170.51972001580398	39.21631496664099
-170.52252839320548	39.116406569168426
-170.52532688683584	39.01649620098167
-170.52811538778957	38.91658387285698
-170.5308937871612	38.81666959557063
-170.53366197604544	38.71675337989887
-170.53641984553678	38.61683523661798
-170.5391672867297	38.51691517650422
-170.54190419071895	38.41699321033388
-170.54463044859895	38.31706934888321
-170.54734595146434	38.21714360292848
-170.55005059040965	38.117215983245956
-170.55274425652948	38.01728650061192
-170.5554268409184	37.91735516580263
-170.55809823467095	37.81742198959435
-170.56075832888172	37.71748698276335
-170.56340701464535	37.61755015608592
-170.56604418305628	37.51761152033828
-170.5686697252091	37.417671086296735
-170.57128353219844	37.31772886473755
-170.5738854951189	37.21778486643699
-170.57647550506496	37.11783910217133
-170.57905345313125	37.01789158271681
-170.58161923041231	36.91794231884973
-170.58417272800273	36.817991321346355
-170.58671383699698	36.718038600982915
-170.58924244848973	36.618084168535745
-170.59175845357566	36.51812803478104
-170.59426174334908	36.41817021049513
-170.59675220890477	36.318210706454245
-170.59922974133718	36.21824953343465
-170.60169423174096	36.11828670221265
-170.6041455712106	36.018322223564475
-170.60658365084075	35.91835610826643
-170.6090083617259	35.81838836709474
-170.61141959496064	35.7184190108257
-170.61381724163965	35.61844805023558
-170.61620119285732	35.51847549610062
-170.61857133970838	35.41850135919715
-170.6209275732873	35.31852565030137
-170.62326978468866	35.21854838018958
-170.62559786500702	35.11856955963804
-170.62791170533703	35.01858919942302
-170.63021119677322	34.9186073103208
-170.6324962304101	34.81862390310765
-170.63476669734231	34.718638988559796
-170.63702248866437	34.61865257745355
-170.63926349547089	34.51866468056517
-170.6414896088564	34.41867530867092
-170.64370071991553	34.31868447254707
-170.64589671974275	34.218692182969875
-170.64807749943276	34.118698450715634
-170.65024295008007	34.01870328656058
-170.65239296277917	33.918706701280996
-170.65452742862473	33.81870870565317
-170.65664623871132	33.71870931045334
-170.65874928413348	33.61870852645779
-170.6608364559857	33.51870636444277
-170.6629076453627	33.41870283518457
-170.66496274335898	33.318697949459455
-170.66700164106908	33.21869171804367
-170.6690242295876	33.11868415171353
-170.6710304000091	33.01867526124524
-170.67302004342812	32.91866505741514
-170.67499305093932	32.81865355099945
-170.67694931363727	32.71864075277443
-170.67888872261636	32.61862667351638
-170.68081116897136	32.51861132400154
-170.6827165437967	32.418594715006215
-170.6846047381871	32.318576857306645
-170.686475643237	32.21855776167909
-170.68832915004097	32.11853743889985
-170.69016514969366	32.01851589974516
-170.69198353328957	31.91849315499132
-170.69378419192336	31.81846921541458
-170.6955670166895	31.718444091791188
-170.6973318986826	31.618417794897454
-170.69907872899725	31.51839033550962
-170.700807398728	31.418361724403958
-170.70251779896935	31.318331972356756
-170.70420982081598	31.218301090144234
-170.70588335956631	31.118269088542718
-170.7075384739373	31.01823597832842
-170.7091754349272	30.91820177027766
-170.71079452772105	30.818166475166677
-170.71239603750396	30.718130103771742
-170.71398024946083	30.618092666869135
-170.71554744877665	30.518054175235097
-170.7170979206365	30.418014639645936
-170.7186319502254	30.317974070877895
-170.72014982272825	30.21793247970723
-170.72165182333023	30.117889876910233
-170.72313823721618	30.01784627326316
-170.72460934957115	29.917801679542286
-170.7260654455802	29.817756106523888
-170.72750681042828	29.717709564984204
-170.7289337293004	29.61766206569953
-170.73034648738164	29.517613619446113
-170.73174536985695	29.41756423700025
-170.7331306619113	29.31751392913819
-170.73450264872974	29.217462706636187
-170.7358616154973	29.11741058027054
-170.737207847399	29.017357560817487
-170.73854162961976	28.917303659053324
-170.73986324734463	28.81724888575431
-170.74117298575865	28.717193251696692
-170.74247113004677	28.617136767656763
-170.74375796539408	28.517079444410783
-170.7450337769855	28.417021292735026
-170.74629885000607	28.316962323405754
-170.74755346964082	28.216902547199222
-170.74879792107473	28.116841974891734
-170.75003248949278	28.01678061725951
-170.75125746008004	27.916718485078864
-170.75247311802147	27.81665558912605
-170.75367974850215	27.71659194017731
-170.75487763670696	27.616527549008946
-170.75606706782102	27.5164624263972
-170.75724832702926	27.416396583118374
-170.75842169951673	27.31633002994871
-170.75958747046846	27.216262777664458
-170.7607459250694	27.116194837041938
-170.76189734850462	27.016126218857362
-170.763042025959	26.91605693388705
-170.76418024261773	26.815986992907238
-170.7653122836657	26.715916406694188
-170.76643843428795	26.6158451860242
-170.76755897966945	26.515773341673512
-170.76867420499522	26.41570088441841
-170.76978439545036	26.31562782503516
-170.77088983621974	26.215554174300014
-170.7719908124884	26.115479942989268
-170.77308760944143	26.015405141879157
-170.77418051226377	25.915329781745978
-170.77526980614047	25.81525387336599
-170.77635577625645	25.715177427515442
-170.7774387077968	25.615100454970637
-170.77851888594648	25.515022966507818
-170.7795965958905	25.41494497290326
-170.78067212281397	25.314866484933244
-170.78174575190172	25.214787513374006
-170.78281776833887	25.114708069001846
-170.78388845731038	25.014628162593002
-170.78495810400136	24.914547804923778
-170.78602699359666	24.81446700677043
-170.7870954112814	24.714385778909193
-170.7881636422406	24.614304132116388
-170.78923197165918	24.514222077168235
-170.79030068472213	24.414139624841045
-170.79137006661458	24.314056785911056
-170.79244040252144	24.213973571154536
-170.79351197762776	24.113889991347783
-170.79458507711854	24.013806057267033
-170.79565998617872	23.91372177968857
-170.7967369899934	23.81363716938866
-170.79781637374765	23.713552237143556
-170.7988984226263	23.61346699372955
-170.79998342181437	23.513381449922893
-170.80107165649713	23.413295616499866
-170.80216341185925	23.31320950423673
-170.80325897308592	23.213123123909742
-170.8043586253621	23.113036486295197
-170.80546265387278	23.012949602169343
-170.80657134380306	22.91286248230846
-170.80768498033783	22.8127751374888
-170.80880384866214	22.712687578486634
-170.80992823396102	22.612599816078248
-170.8110584214195	22.512511861039883
-170.8121946962225	22.412423724147846
-170.81333734355508	22.312335416178374
-170.81448664860224	22.212246947907733
-170.81564289654895	22.112158330112216
-170.81680637258034	22.012069573568063
-170.81797736188125	21.911980689051564
-170.81915614963685	21.811891687338978
-170.820343021032	21.71180257920656
-170.82153826125176	21.6117133754306
-170.8227421554812	21.511624086787364
-170.82395498890529	21.411534724053105
-170.825177046709	21.311445298004113
-170.8264086140774	21.211355819416625
-170.8276499761954	21.111266299066944
-170.82890141824808	21.011176747731305
-170.83016322542042	20.911087176186
-170.83143568289748	20.810997595207304
-170.83271907586422	20.710908015571448
-170.83401368950567	20.610818448054733
-170.83531980900673	20.510728903433414
-170.83663771955258	20.410639392483763
-170.83796770632813	20.310549925982055
-170.83931005451842	20.210460514704536
-170.84066504930843	20.110371169427502
-170.84203297588317	20.010281900927186
-170.84341411942762	19.910192719979904
-170.84480876512683	19.810103637361888
-170.84621719816585	19.710014663849407
-170.8476397037296	19.60992581021875
-170.84907656700312	19.50983708724616
-170.85052807317143	19.409748505707935
-170.85199450741825	19.309660076380318
-170.85347608702165	19.209571810039577
-170.85497277875345	19.109483717462005
-170.8564844916339	19.009395809423836
-170.85801113468315	18.90930809670137
-170.85955261692138	18.80922059007086
-170.86110884736883	18.709133300308565
-170.86267973504562	18.609046238190775
-170.86426518897198	18.508959414493727
-170.8658651181681	18.40887283999373
-170.86747943165415	18.30878652546703
-170.86910803845032	18.208700481689874
-170.87075084757686	18.108614719438574
-170.87240776805385	18.00852924948936
-170.8740787089015	17.908444082618523
-170.87576357914008	17.808359229602335
-170.87746228778965	17.708274701217036
-170.87917474387052	17.60819050823892
-170.88090085640283	17.508106661444234
-170.88264053440673	17.408023171609273
-170.88439368690246	17.307940049510293
-170.88616022291015	17.207857305923543
-170.88794005145007	17.107774951625327
-170.88973308154232	17.00769299739187
-170.89153922220717	16.907611453999486
-170.8933583824647	16.807530332224417
-170.8951904713352	16.707449642842924
-170.89703539783886	16.607369396631306
-170.89889307099577	16.507289604365788
-170.90076339982613	16.407210276822678
-170.90264629335024	16.307131424778234
-170.90454166058822	16.207053059008697
-170.9064494105602	16.106975190290377
-170.90836945228648	16.0068978293995
-170.91030169478722	15.906820987112374
-170.91224604708242	15.806744674205241
-170.91420241819256	15.706668901454368
-170.91617071713765	15.606593679636047
-170.91815085293788	15.506519019526507
-170.92014273461348	15.406444931902069
-170.92214627118472	15.306371427538963
-170.9241613716716	15.206298517213456
-170.92618794509445	15.106226211701838
-170.92822590047342	15.006154521780353
-170.93027514682865	14.906083458225295
-170.93233559318037	14.806013031812919
-170.93440714854876	14.705943253319472
-170.93648972195402	14.605874133521265
-170.93858322241636	14.505805683194524
-170.94068755895591	14.405737913115555
-170.94280264059282	14.30567083406061
-170.94492837634746	14.20560445680594
-170.94706467523983	14.105538792127833
-170.94921144629018	14.005473850802552
-170.95136859851868	13.90540964360637
-170.95353604094558	13.805346181315555
-170.955713682591	13.70528347470636
-170.95790143247518	13.60522153455507
-170.96009919961824	13.505160371637936
-170.96230689304042	13.405099996731257
-170.9645244217619	13.305040420611276
-170.96675169480287	13.20498165405425
-170.96898862118348	13.104923707836484
-170.97123510992398	13.004866592734206
-170.97349107004445	12.904810319523724
-170.97575641056522	12.804754898981281
-170.9780310405064	12.704700341883136
-170.98031486888814	12.604646659005587
-170.9826078047307	12.504593861124873
-170.98490975705423	12.404541959017287
-170.98722063487892	12.304490963459084
-170.98954034722493	12.204440885226523
-170.9918688031125	12.104391735095897
-170.99420591156183	12.004343523843445
-170.99655158159308	11.904296262245465
-170.9989057222264	11.804249961078206
-171.00126824248198	11.704204631117932
-171.00363905138008	11.60416028314093
-171.00601805794076	11.504116927923446
-171.00840517118434	11.404074576241769
-171.01080030013097	11.304033238872158
-171.01320335380083	11.20399292659087
-171.01561424121405	11.103953650174196
-171.01803287139094	11.003915420398378
-171.02045915335154	10.903878248039716
-171.02289299611616	10.803842143874453
-171.0253343087049	10.703807118678856
-171.02778300013802	10.603773183229215
-171.03023897943567	10.50374034830177
-171.032702155618	10.403708624672817
-171.03517243770528	10.303678023118612
-171.03764973471766	10.203648554415405
-171.04013395567526	10.103620229339494
-171.04262500959837	10.003593058667125
-171.04512280550708	9.903567053174585
-171.0476272524217	9.803542223638134
-171.05013825936228	9.703518580834029
-171.05265573534916	9.603496135538558
-171.05517958940237	9.503474898527964
-171.05770973054223	9.403454880578545
-171.06024606778882	9.303436092466555
-171.06278851016242	9.203418544968244
-171.06533696668316	9.103402248859913
-171.0678913463712	9.003387214917801
-171.0704515582468	8.9033734539182
-171.07301751133008	8.803360976637371
-171.07558911464128	8.703349793851565
-171.07816627720058	8.603339916337077
-171.08074890802814	8.503331354870145
-171.08333691614416	8.403324120227074
-171.08593021056885	8.303318223184109
-171.08852870032234	8.203313674517506
-171.09113229442485	8.103310485003565
-171.09374090189658	8.003308665418524
-171.09635443175773	7.903308226538675
-171.0989727930285	7.803309179140276
-171.10159589472894	7.703311533999585
-171.10422364587936	7.603315301892891
-171.1068559555	7.503320493596439
-171.1094927326109	7.403327119886521
-171.11213388623233	7.303335191539394
-171.1147793253845	7.203344719331312
-171.11742895908753	7.103355714038573
-171.1200826963617	7.003368186437406
-171.12274044622706	6.903382147304127
-171.12540211770389	6.80339760741497
-171.12806761981238	6.703414577546202
-171.1307368615727	6.603433068474117
-171.13340975200504	6.50345309097495
-171.13608620012957	6.403474655825003
-171.13876611496647	6.303497773800526
-171.14144940553598	6.203522455677773
-171.14413598085824	6.103548712233043
-171.1468257499535	6.003576554242576
-171.14951862184182	5.903605992482666
-171.15221450554353	5.80363703772957
-171.15491331007874	5.703669700759537
-171.15761494446764	5.603703992348866
-171.16031931773043	5.503739923273803
-171.16302633888728	5.403777504310634
-171.1657359169584	5.30381674623562
-171.168447960964	5.203857659825011
-171.17116237992417	5.1039002558551045
-171.1738790828592	5.003944545102142
-171.17659797878923	4.903990538342419
-171.1793189767345	4.804038246352185
-171.18204198571507	4.704087679907704
-171.18476691475126	4.604138849785264
-171.18749367286324	4.504191766761112
-171.19022216907115	4.404246441611534
-171.19295231239516	4.304302885112792
-171.19568401185552	4.204361108041136
-171.19841717647236	4.104421121172867
-171.2011517152659	4.004482935284222
-171.20388753725635	3.9045465611514985
-171.20662455146385	3.8046120095509446
-171.2093626669086	3.704679291258822
-171.21210179261078	3.604748417051426
-171.2148418375906	3.5048193977049937
-171.21758271086824	3.4048922439958176
-171.2203243214639	3.304966966700163
-171.22306657839772	3.2050435765942744
-171.22580939068993	3.105122084454452
-171.22855266736076	3.005202501056936
-171.23129631743024	2.9052848371780184
-171.2340402499187	2.8053691035939563
-171.23678437384632	2.705455311081007
-171.23952859823322	2.605543470415461
-171.24227283209964	2.5056335923735604
-171.24501698446574	2.405725687731607
-171.2477609643517	2.305819767265848
-171.25050468077774	2.2059158417525397
-171.253248042764	2.1060139219679748
-171.25599095933072	2.006114018688395
-171.2587333394981	1.9062161426901012
-171.26147509228625	1.8063203047493452
-171.2642161267154	1.7064265156423772
-171.26695635180573	1.606534786145498
-171.26969567657744	1.5066451270349441
-171.27243401005074	1.4067575490870157
-171.27517126124576	1.3068720630779653
-171.2779073391827	1.2069886797840415
-171.2806421528817	1.1071074099815492
-171.28337561136308	1.0072282644467236
-171.28610762364698	0.9073512539558646
-171.28883809875353	0.8074763892852195
-171.29156694570298	0.7076036812110482
-171.29429407351543	0.6077331405096444
-171.29701939121117	0.5078647779572476
-171.29974280781028	0.40799860433015933
-171.30246423233308	0.30813463040462885
-171.3051835737996	0.20827286695690805
-171.30790074123013	0.10841332476329768
-171.31061564364492	0.008556014600036299
-171.313328190064	-0.09129905275657979
-171.31603828950767	-0.19115186653029692
-171.31874585099607	-0.2910024159448632
-171.3214507835494	-0.390850690223977
-171.32415299618782	-0.4906966785914033
-171.32685239793153	-0.590540370270844
-171.3295488978008	-0.6903817544860411
-171.33224240481567	-0.7902208204607488
-171.33493282799645	-0.8900575574186638
-171.3376200763633	-0.9898919545835518
-171.3403040589363	-1.0897240011791114
-171.34298468473577	-1.1895536864290914
-171.34566186278187	-1.2893809995572347
-171.34833550209476	-1.3892059297872539
-171.35100551169464	-1.489028466342897
-171.35367180060166	-1.588848598447874
-171.35633427783605	-1.6886663153259303
-171.35899285241803	-1.788481606200813
-171.36164743336766	-1.8882944602962217
-171.3642979297053	-1.988104866835923
-171.36694425045098	-2.087912815043614
-171.369586304625	-2.1877182941430444
-171.37222400124745	-2.2875212933579574
-171.37485724933862	-2.3873218019120612
-171.37748595791862	-2.487119809029114
-171.38011003600766	-2.586915303932816
-171.38272939262598	-2.686708275846918
-171.38534393679365	-2.7864987139951634
-171.38795357753094	-2.8862866076012548
-171.39055822385805	-2.9860719458889573
-171.39315778479516	-3.08585471808197
-171.39575216936237	-3.185634913404039
-171.39834128657998	-3.2854125210789125
-171.4009250454681	-3.385187530330292
-171.40350335504698	-3.4849599303819385
-171.40607612433675	-3.5847297104575553
-171.40864326235763	-3.6844968597808885
-171.4112046781298	-3.784261367575688
-171.41376028067342	-3.8840232230656513
-171.41630997900873	-3.9837824154745425
-171.41885368215588	-4.083538934026061
-171.42139129913505	-4.183292767943959
-171.4239227389665	-4.283043906451976
-171.42644791067036	-4.3827923387738235
-171.42896672326677	-4.482538054133254
-171.43147908577595	-4.582281041753975
-171.43398490721816	-4.682021290859728
-171.43648409661347	-4.781758790674266
-171.4389765629822	-4.881493530421288
-171.44146221534442	-4.981225499324559
-171.44394096272035	-5.080954686607775
-171.44641271413022	-5.180681081494688
-171.44887729960467	-5.280404674030209
-171.4513334479094	-5.3801254657078745
-171.45377907949845	-5.479843466424424
-171.456212096189	-5.579558686270285
-171.45863039979858	-5.679271135335919
-171.46103189214443	-5.778980823711799
-171.463414475044	-5.878687761488344
-171.46577605031456	-5.97839195875604
-171.46811451977368	-6.078093425605313
-171.4704277852385	-6.177792172126632
-171.4727137485266	-6.277488208410462
-171.4749703114551	-6.377181544547228
-171.4771953758416	-6.476872190627409
-171.4793868435034	-6.576560156741436
-171.4815426162578	-6.676245452979778
-171.48366059592226	-6.775928089432893
-171.48573868431404	-6.875608076191216
-171.48777478325064	-6.975285423345222
-171.48976679454933	-7.074960140985342
-171.49171262002756	-7.174632239202044
-171.49361016150263	-7.274301728085783
-171.4954573207919	-7.373968617727003
-171.49725199971286	-7.47363291821617
-171.49899210008275	-7.573294639643717
-171.50067552371897	-7.672953792100114
-171.5023001724389	-7.772610385675821
-171.50386394805997	-7.8722644304612714
-171.5053647523994	-7.9719159365469405
-171.5068004872747	-8.071564914023256
-171.50816905450318	-8.17121137298069
-171.50946835590227	-8.270855323509702
-171.51069629328924	-8.37049677570072
-171.51185076848157	-8.470135739644228
-171.51292968329642	-8.569772225430647
-171.51393093955141	-8.669406243150453
-171.5148524390638	-8.769037802894102
-171.515692083651	-8.868666914752032
-171.51644777513033	-8.968293588814715
-171.51711741531912	-9.06791783517258
-171.5176989060348	-9.167539663916097
-171.5181901490948	-9.267159085135727
-171.51858904631638	-9.366776108921899
-171.51889349951693	-9.466390745365098
-171.51910141051385	-9.566003004555744
-171.51921068112452	-9.665612896584307
-171.5192192131663	-9.765220431541259
-171.51912490845652	-9.864825619517015
-171.5189256688126	-9.96442847060207
-171.5186193960519	-10.06402899488683
-171.51820399199173	-10.163627202461784
-171.51767735844956	-10.263223103417376
-171.51703739724266	-10.362816707844082
-171.51628201018846	-10.462408025832305
-171.51540909910435	-10.561997067472532
-171.5144165658076	-10.661583842855208
-171.5133023121157	-10.761168362070793
-171.51206423984596	-10.86075063520976
-171.5107002508157	-10.960330672362515
-171.50920824684238	-11.059908483619534
-171.50758612974332	-11.159484079071273
-171.50583180133592	-11.259057468808189
-171.50394316343755	-11.358628662920754
-171.50191811786544	-11.458197671499374
-171.49975456643722	-11.557764504634532
-171.49745041097003	-11.657329172416674
-171.49500355328138	-11.756891684936251
-171.49241189518855	-11.85645205228376
-171.48967333850896	-11.956010284549583
-171.48678578505994	-12.055566391824211
-171.48374713665893	-12.155120384198089
-171.4805552951232	-12.254672271761677
-171.47720816227022	-12.354222064605459
-171.4737036399173	-12.453769772819824
-171.4700396298818	-12.55331540649526
-171.46621403398112	-12.65285897572222
-171.4622247540327	-12.752400490591153
-171.4580696918537	-12.851939961192542
-171.45374674926168	-12.95147739761679
-171.44925382807395	-13.051012809954376
-171.44458883010788	-13.150546208295745
-171.43974965718087	-13.250077602731366
-171.43473421111014	-13.349607003351709
-171.42954039371327	-13.449134420247177
-171.42416610680752	-13.548659863508242
-171.41860925221027	-13.648183343225371
-171.4128677317389	-13.747704869489006
-171.40693944721076	-13.847224452389641
-171.40082230044328	-13.94674210201766
-171.3945141932537	-14.046257828463553
-171.38801302745952	-14.145771641817774
-171.38131670487806	-14.24528355217077
-171.37442312732668	-14.344793569613023
-171.3673301966228	-14.444301704234947
-171.36003581458368	-14.543807966127
-171.35253788302683	-14.64331236537965
-171.34483430376952	-14.742814912083345
-171.3369229786291	-14.842315616328566
-171.328801809423	-14.941814488205715
-171.3204686979686	-15.04131153780527
-171.31192154608325	-15.140806775217682
-171.30315825558432	-15.240300210533412
-171.29417672828916	-15.33979185384294
-171.28497486601515	-15.43928171523666
-171.27555057057964	-15.53876980480505
-171.26590174380004	-15.638256132638572
-171.25602628749374	-15.737740708827673
-171.24592210347802	-15.837223543462844
-171.2355870935703	-15.93670464663447
-171.22501915958802	-16.036184028433038
-171.2142162033484	-16.135661698949
-171.20317612666892	-16.23513766827282
-171.19189687046713	-16.33461194649496
-171.1803787218359	-16.434084543705836
-171.16862560453123	-16.53355546999592
-171.1566417551509	-16.633024735455667
-171.14443141029307	-16.73249235017553
-171.13199880655557	-16.831958324245996
-171.11934818053646	-16.931422667757452
-171.10648376883364	-17.030885390800385
-171.09340980804507	-17.13034650346525
-171.0801305347687	-17.229806015842502
-171.06665018560247	-17.329263938022624
-171.05297299714437	-17.428720280096
-171.0391032059924	-17.528175052153127
-171.02504504874443	-17.62762826428445
-171.01080276199846	-17.72707992658043
-170.9963805823525	-17.826530049131534
-170.98178274640438	-17.92597864202818
-170.96701349075215	-18.025425715360836
-170.95207705199374	-18.124871279219953
-170.9369776667271	-18.224315343695988
-170.92171957155028	-18.323757918879437
-170.9063070030611	-18.42319901486067
-170.8907441978576	-18.522638641730193
-170.8750353925377	-18.622076809578445
-170.8591848236994	-18.721513528495887
-170.8431967279406	-18.820948808572997
-170.82707534185934	-18.920382659900174
-170.81082490205353	-19.019815092567892
-170.79444964512098	-19.11924611666662
-170.7779538076599	-19.218675742286806
-170.76134162626818	-19.31810397951892
-170.7446173375437	-19.41753083845337
-170.72778517808442	-19.51695632918064
-170.7108493844884	-19.616380461791174
-170.69381419335352	-19.71580324637543
-170.67668384127768	-19.815224693023893
-170.65946256485896	-19.914644811826953
-170.64215460069522	-20.014063612875102
-170.6247641853845	-20.11348110625878
-170.60729555552473	-20.212897302068455
-170.58975294771383	-20.3123122103946
-170.57214059854977	-20.411725841327623
-170.55446274463057	-20.51113820495798
-170.5367236225541	-20.610549311376147
-170.51892746891838	-20.709959170672573
-170.5010785203213	-20.809367792937746
-170.4831810133609	-20.90877518826205
-170.4652391846351	-21.00818136673597
-170.44725727074186	-21.10758633844996
-170.42923950827912	-21.206990113494477
-170.41119013384485	-21.306392701960004
-170.39311338403698	-21.40579411393694
-170.37501349545354	-21.505194359515755
-170.35689470469245	-21.6045934487869
-170.3387612483517	-21.703991391840855
-170.32061736302913	-21.80338819876808
-170.30246728532276	-21.90278387965897
-170.28431525183066	-22.002178444604017
-170.26616549915065	-22.101571903693674
-170.24802226388073	-22.200964267018385
-170.2298897826188	-22.30035554466864
-170.21177229196297	-22.399745746734848
-170.19367402851105	-22.49913488330746
-170.1755992288611	-22.598522964476953
-170.157552129611	-22.697910000333778
-170.1395369673587	-22.7972960009684
-170.12155797870224	-22.896680976471245
-170.10361940023952	-22.996064936932772
-170.08572546856848	-23.09544789244344
-170.06788042028717	-23.1948298530937
-170.05008849199345	-23.294210828974045
-170.03235392028535	-23.393590830174862
-170.01468094176076	-23.492969866786638
-169.99707379301765	-23.592347948899814
-169.979536710654	-23.691725086604865
-169.96207393126775	-23.791101289992255
-169.94468969145692	-23.89047656915239
-169.92738822781936	-23.98985093417575
-169.91017377695312	-24.089224395152783
-169.89305057545613	-24.188596962173953
-169.8760228599263	-24.28796864532973
-169.85909486696167	-24.387339454710517
-169.84227083316017	-24.4867094004068
-169.82555499511972	-24.586078492509017
-169.8089515894383	-24.685446741107643
-169.79246485271386	-24.784814156293145
-169.77609902154438	-24.88418074815593
-169.7598583325278	-24.98354652678647
-169.74374702226208	-25.082911502275223
-169.7277693273452	-25.182275684712643
-169.71192948437508	-25.281639084189212
-169.69623172994966	-25.381001710795324
-169.68068030066698	-25.480363574621464
-169.66527943312494	-25.57972468575808
-169.65003336392152	-25.679085054295633
-169.63494632965464	-25.778444690324598
-169.62002256692233	-25.877803603935384
-169.60526631232247	-25.97716180521846
-169.59068180245302	-26.076519304264284
-169.57627327391202	-26.175876111163305
-169.56204496329732	-26.27523223600602
-169.54800110720694	-26.374587688882805
-169.5341459422389	-26.47394247988415
-169.52048370498704	-26.57329661910052
-169.50701763862799	-26.672650116622357
-169.49374719919555	-26.77200298254014
-169.48067094040127	-26.87135522694428
-169.46778741595656	-26.970706859925237
-169.4550951795728	-27.070057891573487
-169.44259278496145	-27.16940833197947
-169.43027878583382	-27.268758191233665
-169.4181517359015	-27.36810747942648
-169.40621018887578	-27.4674562066484
-169.39445269846806	-27.566804382989865
-169.38287781838983	-27.66615201854133
-169.37148410235247	-27.76549912339329
-169.36027010406735	-27.864845707636125
-169.349234377246	-27.964191781360324
-169.3383754755998	-28.063537354656344
-169.3276919528401	-28.162882437614645
-169.31718236267835	-28.262227040325683
-169.30684525882597	-28.361571172879884
-169.29667919499437	-28.46091484536771
-169.28668272489494	-28.560258067879623
-169.2768544022392	-28.659600850506077
-169.2671927807384	-28.758943203337555
-169.25769641410415	-28.858285136464453
-169.2483638560477	-28.957626659977244
-169.2391936602806	-29.056967783966392
-169.23018438051412	-29.15630851852235
-169.22133457045976	-29.255648873735595
-169.21264278382893	-29.35498885969652
-169.20410757433305	-29.454328486495612
-169.19572749568354	-29.553667764223334
-169.18750110159175	-29.653006702970124
-169.17942694576922	-29.752345312826478
-169.17150358192723	-29.85168360388278
-169.16372956377734	-29.951021586229515
-169.15610344503082	-30.050359269957138
-169.14862377939917	-30.149696665156107
-169.14128912059377	-30.2490337819169
-169.13409802232613	-30.34837063032991
-169.1270490383075	-30.44770722048563
-169.12014072224943	-30.547043562474506
-169.11337162786327	-30.646379666386984
-169.1067403088605	-30.745715542313558
-169.10024531895243	-30.84505120034462
-169.09388521185056	-30.944386650570657
-169.08765854126634	-31.04372190308211
-169.08156386091105	-31.14305696796945
-169.07559972449621	-31.24239185532315
-169.06976468573322	-31.341726575233594
-169.06405729833347	-31.44106113779128
-169.05847611600845	-31.54039555308666
-169.05301969246943	-31.639729831210182
-169.04768658142797	-31.739063982252333
-169.04247533659543	-31.83839801630352
-169.0373845116832	-31.937731943454196
-169.0324126604027	-32.037065773794836
-169.0275583364654	-32.136399517415896
-169.02282009358265	-32.23573318440783
-169.01819648546592	-32.33506678486107
-169.01368606582665	-32.43440032886608
-169.00928738837615	-32.53373382651333
-169.00499900682593	-32.63306728789324
-169.00081947488738	-32.73240072309632
-168.99674734627183	-32.83173414221296
-168.99278117469083	-32.93106755533364
-168.9889195138557	-33.03040097254882
-168.98516091747797	-33.12973440394894
-168.9815039392689	-33.22906785962449
-168.97794713294002	-33.328401349665874
-168.97448905220267	-33.42773488416356
-168.97112825076837	-33.52706847320801
-168.96786328234845	-33.62640212688967
-168.96469270065435	-33.725735855299035
-168.96161505939747	-33.8250696685265
-168.95862891228927	-33.92440357666253
-168.9557328130411	-34.02373758979759
-168.9529253153644	-34.12307171802214
-168.95020497297062	-34.222405971426646
-168.94757033957114	-34.32174036010152
-168.9450199688774	-34.42107489413724
-168.94255241460078	-34.52040958362425
-168.94016623045275	-34.619744438653015
-168.9378599701447	-34.719079469314
-168.93563218738802	-34.81841468569763
-168.93348143589418	-34.91775009789437
-168.93140626937452	-35.01708571599467
-168.9294052415405	-35.116421550089
-168.92747690610355	-35.215757610267815
-168.92561981677505	-35.31509390662153
-168.92383252726643	-35.414430449240626
-168.92211359128916	-35.51376724821556
-168.92046156255458	-35.61310431363681
-168.91887499477411	-35.71244165559476
-168.9173524416592	-35.8117792841799
-168.91589245692126	-35.9111172094827
-168.91449359427168	-36.010455441593585
-168.9131544074219	-36.109793990603066
-168.91187345008336	-36.209132866601514
-168.91064927596742	-36.30847207967943
-168.90948043878555	-36.40781163992726
-168.90836549224915	-36.507151557435456
-168.90730299006955	-36.6064918422945
-168.90629160579687	-36.70583250459479
-168.90533077318116	-36.805173554426815
-168.9044202231239	-36.90451500188101
-168.90355968721212	-37.00385685704785
-168.90274889703258	-37.10319913001781
-168.9019875841722	-37.20254183088128
-168.90127548021795	-37.30188496972873
-168.90061231675674	-37.40122855665065
-168.89999782537532	-37.50057260173746
-168.8994317376607	-37.59991711507967
-168.89891378519974	-37.69926210676765
-168.89844369957933	-37.79860758689189
-168.8980212123864	-37.897953565542856
-168.8976460552078	-37.99730005281099
-168.8973179596305	-38.09664705878677
-168.8970366572413	-38.195994593560606
-168.89680187962716	-38.29534266722297
-168.89661335837494	-38.394691289864326
-168.89647082507156	-38.49404047157511
-168.89637401130395	-38.59339022244582
-168.89632264865892	-38.69274055256683
-168.8963164687234	-38.79209147202866
-168.8963552030843	-38.89144299092174
-168.89643858332846	-38.99079511933651
-168.8965663410429	-39.090147867363484
-168.89673820781442	-39.18950124509304
-168.89695391522994	-39.28885526261566
-168.89721319487634	-39.3882099300218
-168.89751577834053	-39.48756525740191
-168.89786139720937	-39.58692125484647
-168.89824978306982	-39.68627793244589
-168.89868066750873	-39.78563530029065
-168.89915378211302	-39.884993368471186
-168.89966885846957	-39.98435214707796
-168.90022562816523	-40.08371164620148
-168.900823822787	-40.18307187593209
-168.90146317392174	-40.282432846360315
-168.90214341315627	-40.381794567576605
-168.90286427207752	-40.48115704967138
-168.90362548227245	-40.58052030273516
-168.90442677532792	-40.67988433685832
-168.90526788283077	-40.779249162131364
-168.90614853636794	-40.87861478864472
-168.90706846752636	-40.97798122648885
-168.9080274078929	-41.07734848575424
-168.90902508905444	-41.176716576531284
-168.91006124259786	-41.27608550891046
-168.91113560011007	-41.37545529298224
-168.912247893178	-41.47482593883705
-168.91339785338852	-41.574197456565386
-168.91458521232852	-41.67356985625766
-168.91580970158492	-41.772943148004316
-168.91707105274457	-41.87231734189585
-168.9183689973944	-41.971692448022694
-168.91970326712126	-42.07106847647532
-168.92107359351212	-42.17044543734413
-168.92247970815384	-42.269823340719626
-168.92392134263326	-42.36920219669224
-168.92539822853738	-42.46858201535244
-168.926910097453	-42.567962806790696
-168.9284566809671	-42.6673445810974
-168.9300377106665	-42.76672734836306
-168.93165291813818	-42.866111118678106
-168.933302034969	-42.965495902133
-168.93498479274572	-43.06488170881822
-168.93670092305544	-43.16426854882417
-168.938450157485	-43.26365643224131
-168.9402322276212	-43.36304536916013
-168.94204686505103	-43.46243536967106
-168.94389380136136	-43.56182644386458
-168.94577276813905	-43.6612186018311
