-67.84025451513142	13.588478875166038
-67.84549713160372	13.48922661920676
-67.85048723199954	13.389943293873463
-67.85522967310274	13.290629402444399
-67.85972931169732	13.19128544819781
-67.86399100456715	13.09191193441194
-67.86801960849614	12.992509364365034
-67.87181998026821	12.89307824133533
-67.87539697666725	12.793619068601071
-67.87875545447717	12.694132349440507
-67.88190027048189	12.594618587131878
-67.88483628146533	12.495078284953426
-67.88756834421143	12.395511946183397
-67.89010131550403	12.295920074100028
-67.89244005212709	12.196303171981578
-67.8945894108645	12.096661743106274
-67.89655424850018	11.996996290752366
-67.89833942181801	11.897307318198092
-67.89994978760194	11.797595328721698
-67.90139020263591	11.69786082560144
-67.90266552370376	11.598104312115547
-67.90378060758943	11.498326291542265
-67.90474031107685	11.398527267159842
-67.90554949094987	11.298707742246513
-67.90621300399248	11.198868220080527
-67.90673570698853	11.09900920394013
-67.90712245672196	10.999131197103564
-67.9073781099767	10.89923470284907
-67.90750752353662	10.799320224454885
-67.90751555418562	10.699388265199264
-67.90740705870766	10.599439328360448
-67.90718689388665	10.49947391721668
-67.90685991650646	10.3994925350462
-67.90643098335099	10.299495685127248
-67.9059049512042	10.199483870738076
-67.90528667685	10.099457595156924
-67.90458101707225	9.999417361662035
-67.90379282865491	9.899363673531656
-67.90292696838185	9.799297034044018
-67.90198829303705	9.699217946477383
-67.90098165940432	9.599126914109982
-67.89991192426766	9.499024440220056
-67.89878394441092	9.398911028085864
-67.89760257661806	9.298787180985633
-67.89637267767296	9.198653402197614
-67.89509910435952	9.098510195000046
-67.89378671346167	8.998358062671176
-67.89244036176336	8.89819750848925
-67.8910649060484	8.798029035732506
-67.88966520310079	8.69785314767919
-67.88824610970441	8.597670347607544
-67.88681248264317	8.497481138795811
-67.88536917870098	8.397286024522243
-67.88392105466176	8.297085508065067
-67.8824729673094	8.19688009270254
-67.88102977342781	8.096670281712901
-67.87959632980095	7.9964565783743895
-67.87817749321268	7.89623948596526
-67.87677812044693	7.7960195077637415
-67.8754030682876	7.695797147048088
-67.87405719351861	7.595572907096539
-67.87274535292384	7.495347291187335
-67.87147240328727	7.395120802598728
-67.87024320139275	7.294893944608953
-67.86906260402422	7.194667220496257
-67.86793546796557	7.094441133538884
-67.86686665000072	6.994216187015076
-67.86586100691359	6.893992884203075
-67.86492339548808	6.793771728381128
-67.86405867250811	6.693553222827474
-67.86327169475757	6.5933378708203625
-67.86256731902037	6.493126175638031
-67.86195040208048	6.392918640558728
-67.86142580072175	6.292715768860692
-67.86099837172809	6.192518063822168
-67.86067297188343	6.092326028721399
-67.8604544579717	5.992140166836632
-67.86034768677676	5.891960981446108
-67.86035751508257	5.791788975828066
-67.860488799673	5.691624653260754
-67.86074639733201	5.5914685170224185
-67.86113516484346	5.4913210703913
-67.86165995899128	5.391182816645638
-67.8623256365594	5.291054259063679
-67.8631370543317	5.190935900923666
-67.8640990690921	5.090828245503846
-67.86521653762453	4.99073179608246
-67.86649431671287	4.8906470559377455
-67.86793726314106	4.790574528347953
-67.86955023369299	4.690514716591325
-67.87133808515259	4.590468123946106
-67.87330567430374	4.490435253690536
-67.87545785793039	4.390416609102857
-67.87779949281641	4.290412693461318
-67.88033543574572	4.190424010044158
-67.88307054350226	4.090451062129624
-67.88600967286992	3.990494352995953
-67.88915768063262	3.890554385921396
-67.89251942357426	3.7906316641841924
-67.89609975847875	3.690726691062588
-67.89990354212999	3.590839969834822
-67.90393563131192	3.4909720037791407
-67.90820088280844	3.391123296173788
-67.91270415340344	3.291294350297006
-67.91745029988085	3.1914856694270393
-67.9224441790246	3.09169775684213
-67.92769064761855	2.9919311158205204
-67.93319456244667	2.8921862496404582
-67.93896078029282	2.7924636615801823
-67.94499415794093	2.692763854917939
-67.95129955217492	2.5930873329319706
-67.95788181977869	2.493434598900518
-67.96474581753614	2.39380615610183
-67.9718964022312	2.2942025078141453
-67.97933843064777	2.1946241573157113
-67.98707675956979	2.095071607884768
-67.99511624578112	1.995545362799559
-68.0034617460657	1.8960459253383295
-68.01211811720744	1.7965737987793222
-68.02109021599023	1.6971294864007802
-68.03038289919802	1.5977134914809488
-68.04000102361469	1.498326317298066
-68.04994944602417	1.3989684671303817
-68.06023302321034	1.2996404442561353
-68.07085661195715	1.2003427519535737
-68.08182506904848	1.101075893500936
-68.09314325126824	1.0018403721764668
-68.10481601540039	0.9026366912584121
-68.11684821822878	0.803465354025013
-68.12924471653736	0.7043268637545141
-68.14201036711	0.6052217237251563
-68.15515002673064	0.506150437215185
-68.1686685521832	0.40711350750284403
-68.18257080025157	0.3081114378663772
-68.19686162771966	0.20914473158402513
-68.2115458913714	0.11021389193403452
-68.22662844799069	0.011319422194645323
-68.24211415436143	-0.08753817435589628
-68.25800786726755	-0.18635839443934632
-68.27431434544881	-0.2851404800410729
-68.29103737544268	-0.38388114718879857
-68.3081801879242	-0.4825756676790572
-68.3257460070403	-0.5812192963472689
-68.34373805693792	-0.6798072880288587
-68.36215956176407	-0.7783348975592508
-68.38101374566573	-0.8767973797738657
-68.40030383278977	-0.9751899895081321
-68.42003304728321	-1.0735079815974657
-68.440204613293	-1.1717466108772954
-68.46082175496609	-1.269901132183042
-68.48188769644943	-1.3679668003501304
-68.50340566189003	-1.465938870213984
-68.52537887543477	-1.5638125966100247
-68.54781056123065	-1.6615832343736758
-68.57070394342465	-1.7592460383403599
-68.59406224616369	-1.8567962633455035
-68.61788869359474	-1.9542291642245275
-68.64218650986474	-2.0515399958128557
-68.66695891912073	-2.1487240129459098
-68.69220914550958	-2.2457764704591137
-68.71794041317827	-2.342692623187893
-68.74415594627378	-2.4394677259676705
-68.77085896894305	-2.5360970336338644
-68.79805270533305	-2.6325758010219067
-68.82574037959073	-2.728899282967215
-68.85392521586306	-2.8250627343052113
-68.88261043829698	-2.921061409871324
-68.91179927103947	-3.01689056450097
-68.94149493823745	-3.11254545302958
-68.97170066403795	-3.2080213302925715
-69.00241967258785	-3.303313451125368
-69.03365518803417	-3.3984170703633962
-69.06541043452384	-3.493327442842076
-69.09768863620381	-3.588039823396834
-69.13049301722104	-3.6825494668630934
-69.16382680172255	-3.7768516280762716
-69.19769321385517	-3.8709415618718004
-69.23209547776602	-3.9648145230850944
-69.26703681760192	-4.058465766551586
-69.30252045750991	-4.151890547106692
-69.33854962163691	-4.245084119585836
-69.37512753412992	-4.338041738824445
-69.41225741913583	-4.430758659657935
-69.44994250080167	-4.5232301369217405
-69.48818600327435	-4.615451425451277
-69.52699115070084	-4.7074177800819665
-69.56636116722811	-4.799124455649239
-69.60629927700312	-4.89056670698851
-69.64680870417281	-4.981739788935211
-69.68789267288416	-5.072638956324759
-69.72955440728414	-5.163259463992578
-69.77179713151966	-5.253596566774093
-69.81462406973772	-5.343645519504729
-69.85803844608526	-5.433401577019906
-69.90204348470925	-5.522859994155049
-69.94664240975663	-5.612016025745578
-69.99183844537438	-5.70086492662692
-70.03763481570947	-5.7894019516345
-70.08403474490882	-5.877622355603734
-70.13104145711941	-5.965521393370054
-70.1786581764882	-6.053094319768876
-70.22688812716214	-6.140336389635628
-70.27573453328822	-6.227242857805733
-70.32520061901332	-6.313808979114608
-70.37528960848451	-6.400030008397687
-70.42600472584866	-6.4859012004903835
-70.47734919525274	-6.571417810228127
-70.52932624084376	-6.656575092446339
-70.58193903165146	-6.7413683019804385
-70.635187787941	-6.825792693665855
-70.68906835429193	-6.90984352233801
-70.74357622077304	-6.9935160428323275
-70.79870687745321	-7.076805509984228
-70.85445581440123	-7.1597071786291355
-70.91081852168597	-7.242216303602476
-70.96779048937623	-7.3243281397396665
-71.02536720754087	-7.406037941876138
-71.08354416624867	-7.487340964847312
-71.14231685556852	-7.568232463488605
-71.20168076556924	-7.648707692635452
-71.2616313863196	-7.728761907123265
-71.32216420788852	-7.808390361787472
-71.38327472034479	-7.8875883114634995
-71.44495841375722	-7.966351010986763
-71.50721077819468	-8.044673715192694
-71.57002730372596	-8.12255167891671
-71.63340348041994	-8.19998015699424
-71.69733479834544	-8.2769544042607
-71.76181674757125	-8.353469675551516
-71.82684481816621	-8.429521225702116
-71.8924145001992	-8.505104309547916
-71.95852128373902	-8.580214181924344
-72.02516065885449	-8.654846097666827
-72.09232811561446	-8.728995311610776
-72.16001914408774	-8.802657078591626
-72.22822923434319	-8.875826653444792
-72.29695387644962	-8.948499291005705
-72.36618856047588	-9.020670246109782
-72.4359287764908	-9.092334773592448
-72.50617001456318	-9.163488128289131
-72.57690776476187	-9.234125565035248
-72.6481375171557	-9.304242338666228
-72.71985476181352	-9.373833704017489
-72.79205498880413	-9.442894915924452
-72.8647336881964	-9.511421229222549
-72.93788635005912	-9.579407898747196
-73.01150846446113	-9.646850179333821
-73.08559552147129	-9.713743325817845
-73.1601430111584	-9.780082593034692
-73.2351464235913	-9.845863235819781
-73.31060124883882	-9.911080509008544
-73.38650297696981	-9.975729667436397
-73.46284709805309	-10.03980596593877
-73.53962910215746	-10.103304659351075
-73.6168444793518	-10.166221002508745
-73.6944887197049	-10.2285502502472
-73.77255731328563	-10.29028765740187
-73.85104575016281	-10.351428478808165
-73.92994952040526	-10.411967969301516
-74.00926411721768	-10.471901376829406
-74.08898526193573	-10.53122344825286
-74.16910905462917	-10.589928098548553
-74.24963163107226	-10.648009164268549
-74.33054912703938	-10.705460481964906
-74.41185767830477	-10.762275888189697
-74.49355342064277	-10.818449219494973
-74.57563248982773	-10.8739743124328
-74.65809102163392	-10.928845003555239
-74.74092515183565	-10.983055129414353
-74.82413101620726	-11.03659852656221
-74.90770475052308	-11.089469031550859
-74.99164249055737	-11.141660480932376
-75.07594037208449	-11.193166711258815
-75.16059453087871	-11.243981559082242
-75.24560110271439	-11.294098860954717
-75.33095622336579	-11.343512453428302
-75.41665602860728	-11.392216173055063
-75.50269665421311	-11.440203856387058
-75.58907423595768	-11.48746933997635
-75.67578490961522	-11.534006460375004
-75.76282481096007	-11.579809054135074
-75.85019007576656	-11.624870957808636
-75.93787683980901	-11.66918600794774
-76.02588123886169	-11.712748041104454
-76.11419940869892	-11.75555089383084
-76.20282748509509	-11.797588402678954
-76.2917616038244	-11.838854404200871
-76.38099790066124	-11.879343608692501
-76.4705325113799	-11.919063774695362
-76.5603615717547	-11.958032692264073
-76.65048121755994	-11.996268408745822
-76.74088758456996	-12.033788971487807
-76.83157680855903	-12.070612427837196
-76.92254502530149	-12.106756825141197
-77.01378837057166	-12.14224021074699
-77.10530298014383	-12.177080632001765
-77.19708498979234	-12.211296136252711
-77.2891305352915	-12.244904770847022
-77.38143575241558	-12.277924583131874
-77.47399677693895	-12.310373620454468
-77.56680974463589	-12.342269930161983
-77.65987079128072	-12.373631559601618
-77.75317605264779	-12.404476556120555
-77.84672166451134	-12.434822967065982
-77.94050376264573	-12.46468883978509
-78.03451848282528	-12.494092221625067
-78.12876196082429	-12.523051159933104
-78.22323033241706	-12.551583702056385
-78.3179197333779	-12.579707895342104
-78.41282629948117	-12.607441787137441
-78.50794616650113	-12.634801866419261
-78.60327547021214	-12.661794394567302
-78.69881034638846	-12.688421509058362
-78.79454693080446	-12.714685335967927
-78.89048135923443	-12.7405880013715
-78.98660976745263	-12.766131631344564
-79.08292829123344	-12.79131835196261
-79.17943306635118	-12.816150289301138
-79.27612022858013	-12.840629569435633
-79.37298591369458	-12.86475831844158
-79.47002625746892	-12.88853866239448
-79.5672373956774	-12.911972727369816
-79.66461546409431	-12.935062639443089
-79.76215659849403	-12.957810524689785
-79.85985693465088	-12.98021850918539
-79.95771260833911	-13.002288719005403
-80.05571975533306	-13.024023280225318
-80.15387451140705	-13.045424318920611
-80.2521730123354	-13.066493961166785
-80.35061139389241	-13.08723433303933
-80.44918579185239	-13.107647560613737
-80.54789234198965	-13.127735769965497
-80.64672718007851	-13.147501087170102
-80.7456864418933	-13.166945638303037
-80.84476626320834	-13.186071549439797
-80.9439627797979	-13.20488094665588
-81.04327212743631	-13.223375956026766
-81.1426904418979	-13.241558703627954
-81.24221385895697	-13.259431315534927
-81.34183851438785	-13.27699591782319
-81.4415605439648	-13.294254636568219
-81.54137608346218	-13.311209597845519
-81.64128126865432	-13.327862927730568
-81.7412722353155	-13.344216752298866
-81.84134511922001	-13.360273197625897
-81.94149605614223	-13.37603438978716
-82.04172118185645	-13.391502454858147
-82.14201663213694	-13.40667951891434
-82.24237854275806	-13.421567708031237
-82.34280304949411	-13.436169148284325
-82.44328628811937	-13.4504859657491
-82.54382439440822	-13.464520286501049
-82.6444135041349	-13.478274236615665
-82.74504975307379	-13.491749942168445
-82.84572927699912	-13.504949529234866
-82.94644821168532	-13.517875123890434
-83.04720269290662	-13.530528852210628
-83.14798885643737	-13.542912840270947
-83.24880283805186	-13.555029214146881
-83.34964077352438	-13.56688009991392
-83.45049879862931	-13.578467623647555
-83.55137304914089	-13.589793911423277
-83.6522596608335	-13.600861089316577
-83.7531547694814	-13.611671283402954
-83.85405451085893	-13.622226619757884
-83.95495502074039	-13.632529224456867
-84.05585243490012	-13.642581223575394
-84.15674288911241	-13.652384743188954
-84.2576225191516	-13.661941909373045
-84.35848746079193	-13.671254848203152
-84.45933384980782	-13.680325685754763
-84.56015814385854	-13.68915663560578
-84.66095934586018	-13.697750603245956
-84.761737668018	-13.70611082290262
-84.86249332987316	-13.71424053079733
-84.96322655096682	-13.722142963151658
-85.06393755084021	-13.729821356187154
-85.16462654903448	-13.73727894612539
-85.26529376509082	-13.744518969187915
-85.36593941855038	-13.7515446615963
-85.46656372895437	-13.758359259572105
-85.567166915844	-13.76496599933689
-85.66774919876039	-13.771368117112216
-85.76831079724477	-13.777568849119648
-85.86885193083828	-13.783571431580738
-85.96937281908212	-13.789379100717055
-86.0698736815175	-13.794995092750161
-86.17035473768559	-13.800422643901618
-86.27081620712755	-13.805664990392978
-86.37125830938453	-13.810725368445818
-86.47168126399777	-13.815607014281683
-86.57208529050843	-13.820313164122147
-86.6724706084577	-13.824847054188764
-86.77283743738674	-13.8292119207031
-86.87318599683675	-13.833410999886716
-86.97351650634889	-13.837447527961166
-87.07382918546439	-13.841324741148025
-87.17412425372437	-13.84504587566884
-87.27440193067004	-13.84861416774518
-87.37466243584258	-13.852032853598608
-87.47490598878318	-13.85530516945068
-87.57513280903302	-13.858434351522966
-87.67534311613325	-13.861423636037019
-87.77553712962509	-13.864276259214401
-87.8757150690497	-13.86699545727668
-87.97587715394828	-13.869584466445412
-88.07602360386197	-13.872046522942155
-88.176154638332	-13.87438486298848
-88.2762704768995	-13.87660272280594
-88.37637133910575	-13.878703338616102
-88.47645744449179	-13.880689946640528
-88.5765290125989	-13.882565783100775
-88.67658626296824	-13.884334084218398
-88.77662941514097	-13.885998086214972
-88.87665868865831	-13.887561025312054
-88.9766743030614	-13.889026137731205
-89.07667647789145	-13.89039665969399
-89.17666543268963	-13.89167582742196
-89.27664138699711	-13.892866877136683
-89.37660456035509	-13.89397304505972
-89.47655517230476	-13.894997567412632
-89.57649344238727	-13.89594368041698
-89.67641959014382	-13.896814620294336
-89.77633383511558	-13.897613623266238
-89.87623639684374	-13.898343925554267
-89.97612749486949	-13.899008763379975
-90.07600734873398	-13.899611372964934
-90.17587617797844	-13.900154990530694
-90.27573420214401	-13.900642852298821
-90.3755816407719	-13.901078194490877
-90.47541871340323	-13.901464253328422
-90.57524563957926	-13.901804265033018
-90.67506263884114	-13.902101304584477
-90.77486993073005	-13.902356918111519
-90.87466773478717	-13.902571808005979
-90.97445627055366	-13.902746667810144
-91.07423575757075	-13.902882191066306
-91.17400641537958	-13.902979071316754
-91.27376846352135	-13.903038002103777
-91.37352212153722	-13.903059676969669
-91.47326760896843	-13.903044789456711
-91.57300514535605	-13.9029940331072
-91.67273495024138	-13.90290810146342
-91.77245724316555	-13.902787688067665
-91.87217224366972	-13.902633486462223
-91.97188017129511	-13.90244619018938
-92.07158124558285	-13.902226492791433
-92.1712756860742	-13.901975087810658
-92.27096371231029	-13.901692668789355
-92.37064554383231	-13.901379929269817
-92.47032140018142	-13.90103756279432
-92.56999150089882	-13.900666262905169
-92.6696560655257	-13.90026672314464
-92.76931531360323	-13.899839637055033
-92.8689694646726	-13.899385698178628
-92.96861873827497	-13.898905600057718
-93.06826335395158	-13.898400036234593
-93.16790353124351	-13.897869700251544
-93.26753948969201	-13.89731528565086
-93.36717144883828	-13.896737485974826
-93.46679962822343	-13.896136994765738
-93.56642424738874	-13.89551450556588
-93.66604552587528	-13.894870711917546
-93.7656636832243	-13.894206307363017
-93.86527893897697	-13.893521985444595
-93.96489151267446	-13.892818439704557
-94.06450162385798	-13.8920963636852
-94.16410949206865	-13.891356450928814
-94.26371533684771	-13.890599394977682
-94.3633193777363	-13.889825889374102
-94.46292183427568	-13.889036627660357
-94.56252292600692	-13.888232303378741
-94.66212287247126	-13.887413610071533
-94.76172189320987	-13.886581241281029
-94.86132020776397	-13.885735890549524
-94.9609180356747	-13.884878251419307
-95.06051559648323	-13.884009017432659
-95.16011310973076	-13.883128882131874
-95.25971079495848	-13.882238539059237
-95.35930887170755	-13.881338681757047
-95.45890755951919	-13.880430003767584
-95.55850707793456	-13.879513198633141
-95.6581076464948	-13.878588959896007
-95.75770948474113	-13.877657981098478
-95.85731281221477	-13.876720955782831
-95.95691784845683	-13.875778577491365
-96.05652481300852	-13.874831539766364
-96.15613392541103	-13.873880536150118
-96.25574540520553	-13.872926260184924
-96.35535947193321	-13.871969405413061
-96.45497634513524	-13.871010665376824
-96.55459624435281	-13.870050733618502
-96.6542193891271	-13.869090303680382
-96.75384599899928	-13.868130069104753
-96.85347629351055	-13.86717072343391
-96.95311049220206	-13.866212960210136
-97.05274881461503	-13.865257472975728
-97.15239148029065	-13.864304955272964
-97.25203870877003	-13.863356100644145
-97.3516907192045	-13.862411601487777
-97.45134765958629	-13.861471941469423
-97.55100952445187	-13.860537154117509
-97.6506762883727	-13.859607214396707
-97.75034792592031	-13.858682097271695
-97.85002441166615	-13.857761777707145
-97.94970572018177	-13.856846230667733
-98.04939182603864	-13.855935431118139
-98.1490827038083	-13.855029354023037
-98.2487783280622	-13.854127974347103
-98.34847867337186	-13.853231267055007
-98.44818371430875	-13.852339207111433
-98.54789342544441	-13.851451769481052
-98.64760778135036	-13.850568929128542
-98.74732675659804	-13.849690661018574
-98.84705032575899	-13.848816940115826
-98.94677846340466	-13.84794774138498
-99.04651114410662	-13.847083039790702
-99.14624834243634	-13.846222810297677
-99.24599003296528	-13.845367027870568
-99.345736190265	-13.844515667474063
-99.44548678890695	-13.84366870407283
-99.54524180346264	-13.84282611263155
-99.64500120850361	-13.841987868114895
-99.74476497860134	-13.841153945487537
-99.84453308832731	-13.840324319714162
-99.94430551225302	-13.839498965759432
-100.04408222494996	-13.838677858588039
-100.1438632009897	-13.837860973164648
-100.24364841494362	-13.837048284453939
-100.34343784138333	-13.83623976742058
-100.44323145488028	-13.835435397029256
-100.54302923000597	-13.834635148244635
-100.64283114133191	-13.8338389960314
-100.74263716342958	-13.833046915354222
-100.8424472708705	-13.832258881177776
-100.94226143822615	-13.83147486846674
-101.04207964006807	-13.830694852185795
-101.14190185096771	-13.829918807299604
-101.24172804549661	-13.829146708772852
-101.34155819822627	-13.828378531570209
-101.4413922837281	-13.827614250656357
-101.54123027657373	-13.826853840995964
-101.64107215133457	-13.826097277553712
-101.74091788258215	-13.825344535294278
-101.84076744488799	-13.82459558918233
-101.94062081282352	-13.823850414182548
-102.04047796096035	-13.82310898525961
-102.14033886386986	-13.822371277378188
-102.24020349612366	-13.82163726550296
-102.34007183229316	-13.820906924598596
-102.43994384694987	-13.820180229629779
-102.53981951466535	-13.81945715556118
-102.63969881001104	-13.818737677357477
-102.7395817075585	-13.818021769983346
-102.83946818187914	-13.817309408403462
-102.93935820754453	-13.816600567582498
-103.03925175912615	-13.815895222485135
-103.13914881119553	-13.815193348076043
-103.23904933832411	-13.814494919319902
-103.33895331508342	-13.813799911181382
-103.43886071604494	-13.813108298625167
-103.5387715157802	-13.812420056615924
-103.63868568886072	-13.811735160118337
-103.73860320985793	-13.811053584097076
-103.83852405334336	-13.81037530351682
-103.93844819388852	-13.80970029334224
-104.03837560606492	-13.809028528538011
-104.13830626444404	-13.808359984068819
-104.2382401435974	-13.807694634899327
-104.33817721809643	-13.80703245599422
-104.43811746251272	-13.806373422318169
-104.53806085141771	-13.80571750883585
-104.63800735938293	-13.805064690511939
-104.73795696097987	-13.80441494231111
-104.83790963078003	-13.803768239198048
-104.93786534335491	-13.80312455613741
-105.03782407327603	-13.80248386809389
-105.13778579511484	-13.80184615003216
-105.23775048344287	-13.801211376916884
-105.33771811283161	-13.800579523712749
-105.43768865785258	-13.799950565384426
-105.53766209307726	-13.79932447689659
-105.63763839307713	-13.798701233213926
-105.73761753242376	-13.798080809301098
-105.83759948568856	-13.797463180122785
-105.9375842274431	-13.796848320643665
-106.03757173225883	-13.79623620582841
-106.13756197470728	-13.795626810641703
-106.23755492935993	-13.79502011004821
-106.33755057078834	-13.794416079012617
-106.4375488735639	-13.793814692499586
-106.53754981225819	-13.793215925473804
-106.63755336144271	-13.792619752899945
-106.73755949568888	-13.792026149742679
-106.83756818956832	-13.79143509096669
-106.93757941765244	-13.790846551536644
-107.03759315451276	-13.790260506417223
-107.13760937472078	-13.789676930573105
-107.23762805284802	-13.789095798968958
-107.33764916346597	-13.788517086569465
-107.4376726811461	-13.787940768339295
-107.53769858045997	-13.787366819243127
-107.63772683597901	-13.786795214245636
-107.73775742227477	-13.786225928311502
-107.8377903139187	-13.785658936405396
-107.93782548548234	-13.785094213491995
-108.03786291153722	-13.784531734535971
-108.13790256665476	-13.783971474502005
-108.23794442540651	-13.78341340835477
-108.33798846236395	-13.782857511058943
-108.4380346520986	-13.782303757579198
-108.53808296918193	-13.781752122880212
-108.63813338818548	-13.781202581926657
-108.7381858836807	-13.780655109683213
-108.8382404302391	-13.780109681114553
-108.93829700243221	-13.77956627118536
-109.03835557483156	-13.7790248548603
-109.13841612200855	-13.778485407104053
-109.23847861853476	-13.77794790288129
-109.33854303898163	-13.777412317156696
-109.4386093579207	-13.776878624894938
-109.53867754992349	-13.776346801060695
-109.63874758956143	-13.775816820618642
-109.73881945140609	-13.775288658533457
-109.83889311002895	-13.774762289769813
-109.93896854000145	-13.774237689292386
-110.03904571589517	-13.773714832065851
-110.13912461228159	-13.773193693054889
-110.23920520373217	-13.772674247224167
-110.33928746481845	-13.77215646953837
-110.43937137011189	-13.771640334962159
-110.53945689418404	-13.771125818460227
-110.63954401160635	-13.770612894997242
-110.7396326969504	-13.770101539537874
-110.83972292478757	-13.76959172704681
-110.93981466968943	-13.769083432488722
-111.03990790622748	-13.768576630828278
-111.14000260897323	-13.76807129703016
-111.24009875249816	-13.767567406059046
-111.34019631137375	-13.767064932879604
-111.44029526017151	-13.766563852456514
-111.54039557346297	-13.766064139754452
-111.64049722581963	-13.7655657697381
-111.7406001918129	-13.76506871737212
-111.84070444601439	-13.764572957621198
-111.94080996299553	-13.764078465450007
-112.04091671732789	-13.76358521582322
-112.14102468358288	-13.763093183705514
-112.24113383633207	-13.762602344061564
-112.34124415014692	-13.76211267185605
-112.44135559959896	-13.761624142053645
-112.54146815925965	-13.76113672961902
-112.64158180370052	-13.760650409516858
-112.74169650749309	-13.760165156711833
-112.84181224520881	-13.759680946168618
-112.94192899141916	-13.759197752851888
-113.04204672069574	-13.75871555172632
-113.14216540760995	-13.758234317756594
-113.24228502673334	-13.757754025907378
-113.34240555263743	-13.757274651143353
-113.44252695989363	-13.756796168429192
-113.54264922307354	-13.75631855272957
-113.64277231674859	-13.755841779009172
-113.74289621549029	-13.755365822232658
-113.84302089387018	-13.754890657364713
-113.94314632645974	-13.754416259370016
-114.04327248783046	-13.753942603213233
-114.14339935255384	-13.753469663859043
-114.24352689520137	-13.752997416272128
-114.34365509034455	-13.752525835417154
-114.44378391255492	-13.752054896258807
-114.54391333640395	-13.751584573761754
-114.64404333646313	-13.751114842890672
-114.74417388730397	-13.750645678610242
-114.84430496349796	-13.750177055885136
-114.94443653961659	-13.74970894968003
-115.0445685902314	-13.749241334959594
-115.14470108991388	-13.748774186688513
-115.2448340132355	-13.748307479831459
-115.3449673347678	-13.747841189353107
-115.4451010290822	-13.74737529021813
-115.54523507075032	-13.746909757391208
-115.64536943434354	-13.746444565837018
-115.74550409443346	-13.745979690520228
-115.8456390255915	-13.745515106405522
-115.9457742023892	-13.745050788457574
-116.04590959939804	-13.744586711641057
-116.14604519118953	-13.744122850920643
-116.24618095233518	-13.743659181261018
-116.34631685740646	-13.743195677626845
-116.44645288097492	-13.74273231498281
-116.546588997612	-13.742269068293584
-116.64672518188925	-13.741805912523848
-116.74686140837815	-13.741342822638266
-116.84699765165016	-13.740879773601531
-116.94713388627686	-13.7404167403783
-117.04727008682968	-13.739953697933256
-117.14740622788013	-13.739490621231083
-117.24754228399973	-13.739027485236445
-117.34767822976002	-13.738564264914022
-117.4478140397324	-13.738100935228495
-117.54794968848844	-13.737637471144529
-117.64808515059961	-13.737173847626806
-117.74822040063744	-13.736710039640002
-117.84835541317338	-13.73624602214879
-117.94849016277898	-13.735781770117848
-118.04862462402573	-13.735317258511852
-118.14875877148513	-13.734852462295473
-118.24889257972863	-13.734387356433393
-118.34902602332778	-13.733921915890287
-118.44915907685406	-13.733456115630823
-118.549291714879	-13.73298993061968
-118.64942391197407	-13.732523335821543
-118.74955564271072	-13.732056306201075
-118.84968688166059	-13.731588816722958
-118.94981760339503	-13.731120842351867
-119.04994778248562	-13.730652358052478
-119.15007739350385	-13.730183338789464
-119.2502064110212	-13.729713759527503
-119.3503348096092	-13.729243595231273
-119.4504625638393	-13.728772820865442
-119.55058964828305	-13.728301411394693
-119.65071603751193	-13.727829341783698
-119.75084170609742	-13.727356586997134
-119.85096662861108	-13.726883121999679
-119.95109077962432	-13.726408921756004
-120.05121413370873	-13.725933961230783
-120.15133666543572	-13.725458215388697
-120.25145834937685	-13.724981659194423
-120.35157916010361	-13.724504267612634
-120.45169907218752	-13.724026015607999
-120.55181806020003	-13.723546878145203
-120.65193609871268	-13.723066830188923
-120.7520531622969	-13.722585846703822
-120.8521692255243	-13.722103902654593
-120.95228426296627	-13.721620973005898
-121.05239824919441	-13.721137032722416
-121.15251115878014	-13.720652056768822
-121.25262296629501	-13.720166020109797
-121.35273364631051	-13.719678897710011
-121.45284317339808	-13.719190664534143
-121.55295152212929	-13.718701295546868
-121.65305866707563	-13.718210765712858
-121.75316458280855	-13.717719049996791
-121.85326924389965	-13.717226123363346
-121.95337262492032	-13.716731960777196
-122.0534747004421	-13.716236537203017
-122.15357544503648	-13.715739827605482
-122.25367483327503	-13.715241806949267
-122.35377283972915	-13.714742450199054
-122.4538694389704	-13.714241732319511
-122.55396460557027	-13.71373962827532
-122.6540583141002	-13.713236113031149
-122.75415053913177	-13.71273116155168
-122.85424125523646	-13.712224748801589
-122.95433043698577	-13.711716849745546
-123.05441805895114	-13.711207439348232
-123.1545040957042	-13.710696492574321
-123.25458852181629	-13.710183984388488
-123.35467131185901	-13.709669889755407
-123.45475244040384	-13.709154183639756
-123.55483188202228	-13.708636841006207
-123.65490961128582	-13.708117836819447
-123.75498560276597	-13.707597146044137
-123.8550598310342	-13.707074743644963
-123.95513227066206	-13.706550604586594
-124.055202896221	-13.706024703833709
-124.15527168228257	-13.705497016350984
-124.25533860341821	-13.704967517103093
-124.35540363419949	-13.70443618105471
-124.45546674919781	-13.703902983170517
-124.55552792298478	-13.703367898415184
-124.65558713013185	-13.70283090175339
-124.75564434521047	-13.702291968149808
-124.85569954279222	-13.70175107256911
-124.95575269744859	-13.701208189975983
-125.05580378375106	-13.700663295335092
-125.15585277627105	-13.700116363611116
-125.25589964958021	-13.699567369768733
-125.35594437824993	-13.699016288772617
-125.45598693685173	-13.698463095587442
-125.55602729995715	-13.697907765177888
-125.65606544213766	-13.697350272508627
-125.75610133796476	-13.696790592544332
-125.85613496200996	-13.69622870067955
-125.95616628884474	-13.695664595613568
-126.05619529304059	-13.695098310806014
-126.15622194916904	-13.694529882552954
-126.25624623180161	-13.693959347150452
-126.35626811550974	-13.693386740894576
-126.45628757486494	-13.692812100081383
-126.5563045844388	-13.692235461006948
-126.65631911880268	-13.691656859967328
-126.75633115252816	-13.69107633325859
-126.85634066018675	-13.690493917176806
-126.95634761634989	-13.689909648018023
-127.05635199558913	-13.689323562078323
-127.15635377247594	-13.688735695653758
-127.25635292158186	-13.688146085040405
-127.35634941747833	-13.68755476653432
-127.4563432347369	-13.686961776431566
-127.55633434792907	-13.686367151028215
-127.65632273162629	-13.685770926620332
-127.75630836040008	-13.68517313950397
-127.85629120882194	-13.684573825975203
-127.95627125146345	-13.683973022330099
-128.056248462896	-13.683370764864712
-128.15622281769114	-13.682767089875119
-128.2561942904203	-13.682162033657374
-128.3561628556551	-13.681555632507543
-128.45612848796694	-13.680947922721696
-128.55609116192738	-13.680338940595897
-128.65605085210785	-13.679728722426207
-128.75600753307995	-13.679117304508694
-128.8559611794151	-13.678504723139417
-128.9559117656848	-13.677891014614445
-129.0558592664606	-13.677276215229849
-129.15580365631394	-13.676660361281684
-129.25574490981637	-13.676043489066018
-129.35568300153938	-13.675425634878913
-129.45561790605444	-13.674806835016437
-129.5555495979331	-13.674187125774653
-129.6554780517468	-13.67356654344963
-129.75540324206708	-13.672945124337424
-129.85532514346545	-13.672322904734107
-129.95524373051333	-13.67169992093574
-130.0551589777823	-13.67107620923839
-130.15507085984387	-13.670451805938121
-130.25497935126947	-13.669826747330996
-130.3548844266306	-13.669201069713084
-130.45478606049886	-13.668574809380443
-130.55468422744568	-13.667948002629146
-130.65457890204252	-13.667320685755248
-130.75447005886093	-13.66669289505482
-130.85435767247242	-13.666064666823928
-130.95424171744844	-13.665436037358631
-131.05412216836055	-13.664807042954997
-131.15399899978019	-13.66417771990909
-131.25387218627895	-13.663548104516975
-131.35374170242818	-13.662918233074718
-131.45360752279953	-13.662288141878383
-131.55346962196444	-13.661657867224031
-131.65332797449437	-13.661027445407731
-131.7531825549609	-13.660396912725545
-131.85303333793544	-13.659766305473545
-131.95288029798954	-13.659135659947783
-132.05272340969472	-13.65850501244433
-132.15256264762243	-13.657874399259253
-132.2523979863442	-13.657243856688613
-132.3522294004315	-13.656613421028478
-132.45205686445587	-13.655983128574913
-132.5518803529888	-13.655353015623975
-132.6516998406018	-13.65472311847174
-132.75151530186633	-13.65409347341426
-132.85132671135386	-13.65346411674761
-132.951134043636	-13.652835084767855
-133.05093727328418	-13.652206413771049
-133.1507363748699	-13.651578140053267
-133.25053132296466	-13.65095029991057
-133.35032209213998	-13.650322929639024
-133.4501086569673	-13.64969606553469
-133.5498909920182	-13.649069743893637
-133.64966907186414	-13.648444001011928
-133.74944287107664	-13.647818873185626
-133.84921236422713	-13.647194396710796
-133.9489775258872	-13.646570607883508
-134.04873833062828	-13.64594754299982
-134.14849475302194	-13.6453252383558
-134.24824676763964	-13.644703730247508
-134.34799434905287	-13.644083054971016
-134.44773747183314	-13.643463248822384
-134.54747611055194	-13.642844348097675
-134.6472102397808	-13.642226389092961
-134.7469398340912	-13.641609408104301
-134.8466648680546	-13.64099344142776
-134.94638531624256	-13.640378525359406
-135.04610115322654	-13.639764696195298
-135.14581235357807	-13.639151990231504
-135.2455188918686	-13.638540443764086
-135.34522074266977	-13.637930093089116
-135.44491788055282	-13.63732097450265
-135.5446102800895	-13.636713124300758
-135.6442979158512	-13.636106578779504
-135.74398076240942	-13.635501374234948
-135.84365879433568	-13.634897546963163
-135.94333198620143	-13.634295143277559
-136.04300031257824	-13.633694446889104
-136.14266374803756	-13.633095982860622
-136.24232226715097	-13.632500287063225
-136.3419758444898	-13.631907895368032
-136.44162445462578	-13.631319343646165
-136.5412680721302	-13.630735167768735
-136.64090667157473	-13.630155903606859
-136.7405402275307	-13.629582087031652
-136.84016871456973	-13.629014253914235
-136.93979210726326	-13.628452940125717
-137.03941038018283	-13.627898681537223
-137.13902350789994	-13.627352014019865
-137.23863146498607	-13.626813473444761
-137.33823422601267	-13.626283595683024
-137.43783176555132	-13.62576291660577
-137.53742405817349	-13.625251972084127
-137.63701107845068	-13.624751297989196
-137.73659280095444	-13.624261430192096
-137.83616920025614	-13.623782904563956
-137.9357402509274	-13.623316256975878
-138.03530592753967	-13.622862023298987
-138.13486620466446	-13.622420739404397
-138.23442105687326	-13.621992941163219
-138.33397045873758	-13.621579164446578
-138.4335143848289	-13.621179945125586
-138.53305280971875	-13.620795819071358
-138.63258570797862	-13.620427322155017
-138.73211305418	-13.620074990247671
-138.83163482289433	-13.61973935922044
-138.93115098869325	-13.619420964944446
-139.03066152614815	-13.619120343290797
-139.13016640983057	-13.618838030130611
-139.22966561431198	-13.618574561335006
-139.32915911416393	-13.6183304727751
-139.42864688395787	-13.618106300322006
-139.52812889826532	-13.617902579846847
-139.62760513165776	-13.617719847220728
-139.72707555870676	-13.617558638314776
-139.82654015398373	-13.617419489000103
-139.9259988920602	-13.617302935147823
-140.0254517475077	-13.617209512629056
-140.12489869489767	-13.61713975731492
-140.2243397088017	-13.617094205076528
-140.32377476379116	-13.617073391784995
-140.42320383443766	-13.617077853311443
-140.52262689531267	-13.617108125355605
-140.62204392098766	-13.617164128840043
-140.72145488603417	-13.617243788517234
-140.82085976502364	-13.617344624696523
-140.92025853252767	-13.61746415768727
-141.01965116311766	-13.61759990779882
-141.11903763136513	-13.617749395340525
-141.21841791184164	-13.617910140621737
-141.31779197911865	-13.618079663951809
-141.41715980776763	-13.618255485640086
-141.51652137236013	-13.61843512599593
-141.61587664746762	-13.618616105328687
-141.71522560766155	-13.618795943947712
-141.81456822751355	-13.618972162162347
-141.913904481595	-13.619142280281956
-142.01323434447747	-13.619303818615881
-142.1125577907324	-13.619454297473478
-142.21187479493133	-13.619591237164098
-142.31118533164576	-13.619712157997093
-142.41048937544716	-13.619814580281812
-142.50978690090707	-13.619896024327605
-142.609077882597	-13.619954010443832
-142.7083622950884	-13.619986058939833
-142.80764011295273	-13.61998969012497
-142.90691131076161	-13.619962424308588
-165.19468309727512	117.49965956328252
-165.1985365033544	117.39888669854325
-165.20237474804148	117.29812147041218
-165.20619806751395	117.19736386086375
-165.21000669794967	117.09661385187225
-165.21380087552637	116.99587142541219
-165.21758083642166	116.89513656345795
-165.22134681681337	116.794409247984
-165.22509905287905	116.69368946096483
-165.22883778079657	116.59297718437469
-165.23256323674357	116.49227240018807
-165.23627565689776	116.39157509037939
-165.23997527743694	116.29088523692309
-165.24366233453864	116.19020282179366
-165.24733706438076	116.08952782696535
-165.25099970314093	115.9888602344127
-165.2546504869969	115.88820002611007
-165.25828965212634	115.78754718403196
-165.2619174347069	115.68690169015277
-165.26553407091646	115.58626352644684
-165.2691397969326	115.48563267488863
-165.2727348489331	115.3850091174526
-165.27631946309572	115.2843928361131
-165.27989387559796	115.18378381284468
-165.28345832261778	115.08318202962164
-165.2870130403328	114.98258746841839
-165.2905582649207	114.88200011120944
-165.2940942325592	114.78141993996914
-165.29762117942602	114.68084693667194
-165.3011393416989	114.58028108329226
-165.30464895555554	114.47972236180449
-165.30815025717365	114.37917075418308
-165.31164348273103	114.27862624240248
-165.31512886840517	114.1780888084371
-165.318606650374	114.07755843426125
-165.32207706481518	113.97703510184947
-165.32554034790633	113.87651879317615
-165.32899673582534	113.77600949021571
-165.3324464647497	113.67550717494255
-165.33588977085728	113.57501182933116
-165.33932689032576	113.47452343535586
-165.34275805933285	113.37404197499116
-165.3461835140563	113.27356743021139
-165.34960349067367	113.173099782991
-165.3530182253629	113.07263901530452
-165.35642795430152	112.9721851091262
-165.3598329136673	112.87173804643056
-165.3632333396381	112.771297809192
-165.36662946839132	112.67086437938494
-165.37002153610496	112.57043773898378
-165.3734097789566	112.47001786996299
-165.37679443312396	112.36960475429693
-165.38017573478484	112.26919837396008
-165.3835539201168	112.1687987109268
-165.38692922529768	112.06840574717158
-165.39030188650517	111.96801946466876
-165.39367213991696	111.86763984539283
-165.39704022171074	111.76726687131814
-165.4004063680643	111.66690052441919
-165.4037708151552	111.56654078667037
-165.40713379916141	111.46618764004609
-165.41049555626046	111.36584106652072
-165.41385632263004	111.2655010480688
-165.41721633444791	111.16516756666462
-165.4205758278918	111.06484060428271
-165.42393503913945	110.96452014289743
-165.42729420436854	110.86420616448319
-165.4306535597568	110.76389865101444
-165.4340133414819	110.66359758446563
-165.43737378572155	110.56330294681115
-165.44073512865353	110.46301472002536
-165.4440976064555	110.36273288608275
-165.44746145530522	110.26245742695772
-165.45082691138032	110.16218832462471
-165.45419421085862	110.06192556105816
-165.45756358991773	109.9616691182324
-165.46093528473546	109.86141897812193
-165.46430953148945	109.76117512270113
-165.46768656635746	109.66093753394445
-165.47106662551718	109.5607061938263
-165.47444994514632	109.46048108432109
-165.4778367614226	109.36026218740322
-165.48122731052376	109.26004948504715
-165.48462182862738	109.1598429592273
-165.4880205519114	109.0596425919181
-165.4914237165534	108.95944836509396
-165.49483155873108	108.85926026072922
-165.49824431462218	108.75907826079836
-165.50166222040443	108.65890234727588
-165.5050855122555	108.55873250213614
-165.50851442635314	108.45856870735346
-165.51194919887507	108.3584109449024
-165.51539006599893	108.25825919675731
-165.51883726390255	108.15811344489269
-165.52229102876356	108.05797367128285
-165.52575159675973	107.95783985790226
-165.5292192040687	107.85771198672533
-165.53269408686822	107.75759003972645
-165.53617648133604	107.65747399888019
-165.53966662364985	107.55736384616083
-165.54316474998728	107.45725956354276
-165.54667109652618	107.35716113300052
-165.55018589944422	107.25706853650843
-165.55370939491905	107.15698175604098
-165.55724181912845	107.05690077357258
-165.5607834082501	106.95682557107759
-165.5643343984617	106.85675613053044
-165.56789502594103	106.75669243390566
-165.57146552686572	106.65663446317755
-165.5750461374136	106.55658220032063
-165.57863709376224	106.45653562730921
-165.5822386320894	106.35649472611775
-165.58585098857287	106.2564594787207
-165.5894743993903	106.15642986709248
-165.59310910071935	106.05640587320751
-165.59675532873788	105.95638747904016
-165.6004133196235	105.8563746665649
-165.60408330955386	105.7563674177561
-165.60776553470686	105.65636571458828
-165.61146023126003	105.55636953903577
-165.61516763539123	105.45637887307299
-165.61888798327806	105.3563936986744
-165.6226215110983	105.25641399781439
-165.62636845502962	105.15643975246743
-165.63012905124975	105.0564709446079
-165.63390353593644	104.95650755621021
-165.63769214526732	104.8565495692488
-165.6414951154202	104.75659696569807
-165.64531268257275	104.65664972753252
-165.6491450829026	104.55670783672649
-165.65299255258765	104.45677127525437
-165.65685532780546	104.35684002509068
-165.6607336447338	104.25691406820971
-165.66462773955035	104.15699338658604
-165.66853784843286	104.05707796219401
-165.67246418002784	103.95716777700798
-165.67640648756762	103.85726281300246
-165.6803641500545	103.75736305215182
-165.68433653539265	103.65746847643054
-165.6883230114864	103.55757906781298
-165.69232294623998	103.45769480827357
-165.69633570755758	103.35781567978677
-165.70036066334356	103.25794166432692
-165.70439718150217	103.15807274386854
-165.70844462993753	103.058208900386
-165.71250237655414	102.95835011585368
-165.716569789256	102.85849637224607
-165.7206462359475	102.75864765153756
-165.72473108453286	102.65880393570258
-165.72882370291634	102.55896520671556
-165.73292345900225	102.45913144655084
-165.73702972069478	102.35930263718294
-165.7411418558982	102.25947876058625
-165.74525923251682	102.15965979873519
-165.74938121845477	102.05984573360413
-165.75350718161638	101.96003654716759
-165.757636489906	101.86023222139988
-165.7617685112277	101.7604327382755
-165.76590261348585	101.66063807976886
-165.77003816458478	101.56084822785436
-165.77417453242853	101.4610631645064
-165.7783110849215	101.36128287169944
-165.78244718996794	101.26150733140791
-165.7865822154721	101.16173652560614
-165.7907155293382	101.06197043626868
-165.79484649947054	100.96220904536987
-165.79897449377333	100.86245233488413
-165.8030988801509	100.76270028678591
-165.80721902650745	100.66295288304961
-165.81133430074723	100.56321010564966
-165.81544407077448	100.46347193656047
-165.81954770449346	100.36373835775652
-165.82364456980855	100.26400935121212
-165.82773403462386	100.16428489890176
-165.8318154668437	100.06456498279982
-165.8358882343723	99.9648495848808
-165.83995170511392	99.86513868711907
-165.8440052469728	99.76543227148902
-165.8480482278533	99.66573031996509
-165.8520800156596	99.56603281452172
-165.85609997829593	99.46633973713334
-165.86010748366658	99.3666510697743
-165.86410189967577	99.26696679441913
-165.86808259422781	99.16728689304216
-165.87204893522696	99.06761134761786
-165.87600029057742	98.96794014012056
-165.8799360281834	98.86827325252486
-165.8838555159493	98.768610666805
-165.8877581217793	98.66895236493549
-165.89164321357768	98.56929832889074
-165.8955101592487	98.46964854064512
-165.89935832669647	98.37000298217315
-165.90318708382543	98.27036163544916
-165.90699579853984	98.1707244824476
-165.9107838387438	98.07109150514293
-165.91455057234165	97.97146268550948
-165.91829536723773	97.87183800552174
-165.9220175913361	97.77221744715413
-165.92571661254124	97.67260099238105
-165.92939179875725	97.57298862317693
-165.93304251788842	97.47338032151619
-165.93666813783906	97.3737760693732
-165.94026802651334	97.27417584872246
-165.9438415518156	97.17457964153834
-165.94738808165	97.0749874297953
-165.95090698392087	96.97539919546772
-165.95439762653243	96.87581492053002
-165.95785937738904	96.77623458695668
-165.9612916043948	96.67665817672204
-165.96469367545404	96.57708567180057
-165.96806495847102	96.47751705416665
-165.97140482134998	96.37795230579474
-165.97471263199523	96.27839140865927
-165.97798775831092	96.17883434473463
-165.98122956820137	96.07928109599526
-165.9844374295708	95.9797316444155
-165.98761071032357	95.8801859719699
-165.99074877836378	95.78064406063281
-165.99385100159583	95.68110589237865
-165.99691674792388	95.58157144918187
-165.99994538525226	95.48204071301683
-166.00293628148515	95.382513665858
-166.00588880452682	95.2829902896798
-166.00880232228155	95.1834705664566
-166.01167620265363	95.08395447816292
-166.01450981354722	94.98444200677311
-166.01730252286671	94.88493313426157
-166.0200536985162	94.78542784260277
-166.02276270840008	94.6859261137711
-166.0254289204225	94.586427929741
-166.02805170248783	94.48693327248691
-166.0306304225002	94.38744212398318
-166.03316444836398	94.28795446620428
-166.03565314798334	94.18847028112462
-166.03809588926254	94.08898955071862
-166.04049204010593	93.98951225696074
-166.04284096841766	93.89003838182532
-166.04514204210201	93.79056790728684
-166.04739462906332	93.69110081531969
-166.04959809720572	93.59163708789829
-166.05175181443357	93.49217670699711
-166.05385514865102	93.39271965459052
-166.05590746776244	93.29326591265296
-166.05790813967195	93.19381546315881
-166.059856532284	93.09436828808258
-166.06175201350263	92.9949243693986
-166.0635939512323	92.89548368908133
-166.06538189139889	92.79604622910519
-166.067116944247	92.6966119714446
-166.06880103182547	92.59718089807394
-166.07043608308388	92.49775299096771
-166.07202402697186	92.39832823210025
-166.073566792439	92.29890660344607
-166.07506630843517	92.19948808697947
-166.07652450390975	92.10007266467497
-166.07794330781246	92.00066031850696
-166.079324649093	91.90125103044984
-166.08067045670103	91.80184478247807
-166.08198265958606	91.70244155656604
-166.0832631866978	91.60304133468817
-166.08451396698592	91.50364409881892
-166.08573692940004	91.40424983093264
-166.08693400288976	91.30485851300378
-166.08810711640476	91.2054701270068
-166.08925819889475	91.10608465491607
-166.0903891793092	91.00670207870606
-166.09150198659788	90.90732238035113
-166.09259854971046	90.8079455418257
-166.09368079759642	90.70857154510428
-166.09475065920557	90.60920037216121
-166.0958100634874	90.50983200497093
-166.09686093939172	90.41046642550786
-166.097905215868	90.31110361574642
-166.098944821866	90.21174355766104
-166.0999816863353	90.1123862332261
-166.1010177382256	90.0130316244161
-166.10205490648644	89.91367971320537
-166.10309512006754	89.81433048156839
-166.10414030791858	89.71498391147955
-166.10519239898912	89.6156399849133
-166.10625332222878	89.51629868384403
-166.10732500658722	89.41695999024618
-166.10840938101418	89.31762388609417
-166.10950837445918	89.21829035336239
-166.1106239158719	89.11895937402531
-166.111757934202	89.01963093005732
-166.1129123583991	88.92030500343286
-166.1140891174128	88.82098157612627
-166.11529014019283	88.72166063011208
-166.11651735568879	88.62234214736468
-166.11777269285037	88.52302610985845
-166.11905808062707	88.42371249956784
-166.12037544796863	88.32440129846725
-166.12172672382465	88.22509248853115
-166.12311383714487	88.1257860517339
-166.12453871687882	88.02648197004996
-166.12600329197616	87.92718022545374
-166.12750949138658	87.82788079991964
-166.12905924405965	87.72858367542209
-166.13065447894513	87.62928883393556
-166.13229712499248	87.52999625743439
-166.13398911115152	87.43070592789304
-166.1357323663718	87.33141782728593
-166.13752881960292	87.2321319375875
-166.1393803997946	87.13284824077213
-166.14128903589642	87.03356671881426
-166.14325665685809	86.93428735368829
-166.1452851916292	86.83501012736869
-166.1473765691594	86.73573502182985
-166.14953271839835	86.63646201904615
-166.15175556829567	86.5371911009921
-166.154047047801	86.43792224964204
-166.156409085864	86.33865544697044
-166.15884361143426	86.23939067495168
-166.16135255346146	86.14012791556019
-166.16393784089527	86.04086715077042
-166.16660140268525	85.94160836255678
-166.1693451677811	85.84235153289367
-166.17217106513243	85.7430966437555
-166.175081023689	85.64384367711676
-166.17807697240025	85.54459261495178
-166.1811608402159	85.44534343923505
-166.18433455608567	85.34609613194095
-166.18760004895913	85.24685067504392
-166.1909592477859	85.14760705051837
-166.19441408151567	85.04836524033868
-166.19796647909803	84.9491252264794
-166.2016183694827	84.84988699091483
-166.20537168161923	84.7506505156194
-166.20922834445736	84.65141578256755
-166.21319028694663	84.5521827737337
-166.2172594380367	84.45295147109232
-166.22143772667727	84.35372185661775
-166.2257270818179	84.25449391228447
-166.2301294324083	84.15526762006684
-166.2346467073981	84.05604296193934
-166.23928083573688	83.95681991987637
-166.24403374637433	83.85759847585234
-166.24890736826012	83.75837861184165
-166.2539036303438	83.65916030981879
-166.25902446157514	83.5599435517581
-166.26427179090365	83.46072831963406
-166.26964754727902	83.36151459542107
-166.27515365965098	83.26230236109352
-166.280792056969	83.1630915986259
-166.28656466818285	83.06388228999255
-166.29247342224215	82.96467441716793
-166.29852024809642	82.86546796212647
-166.30470707469544	82.76626290684258
-166.31103583098886	82.66705923329067
-166.31750844592622	82.56785692344518
-166.32412684845724	82.46865595928051
-166.33089296753153	82.3694563227711
-166.33780873209867	82.27025799589137
-166.34487607110844	82.17106096061572
-166.35209691351037	82.07186519891856
-166.35947318825416	81.97267069277434
-166.36700682428938	81.87347742415747
-166.37469975073753	81.7742853750423
-166.38255476981192	81.67509452700774
-166.39057758770636	81.57590486031746
-166.39877451361298	81.47671635496208
-166.40715185672408	81.37752899093216
-166.415715926232	81.27834274821828
-166.42447303132892	81.17915760681103
-166.4334294812071	81.07997354670105
-166.4425915850589	80.98079054787885
-166.45196565207652	80.88160859033502
-166.46155799145217	80.78242765406021
-166.47137491237825	80.68324771904494
-166.48142272404687	80.58406876527984
-166.49170773565044	80.48489077275546
-166.50223625638114	80.38571372146241
-166.51301459543123	80.2865375913913
-166.52404906199303	80.18736236253264
-166.5353459652587	80.0881880148771
-166.54691161442068	79.9890145284152
-166.55875231867108	79.88984188313755
-166.57087438720217	79.79067005903475
-166.58328412920633	79.6914990360974
-166.59598785387573	79.592328794316
-166.6089918704027	79.49315931368122
-166.6223024604832	79.39399057418362
-166.63592269589662	79.29482255581382
-166.64984947630995	79.19565523856235
-166.66407900083408	79.09648860241983
-166.67860746858003	78.99732262737679
-166.69343107865865	78.89815729342389
-166.70854603018086	78.79899258055171
-166.72394852225761	78.69982846875078
-166.73963475399984	78.60066493801175
-166.75560092451846	78.50150196832514
-166.7718432329244	78.40233953968156
-166.78835787832855	78.30317763207162
-166.8051410598419	78.20401622548589
-166.82218897657535	78.10485529991499
-166.83949782763978	78.00569483534943
-166.85706381214612	77.90653481177985
-166.87488312920533	77.80737520919682
-166.8929519779284	77.70821600759093
-166.91126655742613	77.6090571869528
-166.92982306680946	77.50989872727294
-166.94861770518935	77.41074060854199
-166.96764667167673	77.3115828107505
-166.98690616538255	77.21242531388909
-167.0063923854177	77.11326809794835
-167.02610153089307	77.01411114291884
-167.04602980091963	76.91495442879115
-167.06617334592505	76.81579793555588
-167.08652637999037	76.71664164320362
-167.10708057618683	76.61748553172491
-167.12782743516308	76.5183295811104
-167.14875845756768	76.41917377135063
-167.1698651440494	76.32001808243618
-167.19113899525675	76.22086249435769
-167.2125715118384	76.12170698710568
-167.23415419444302	76.02255154067079
-167.25587854371918	75.92339613504357
-167.27773606031556	75.82424075021463
-167.29971824488078	75.72508536617454
-167.3218165980635	75.6259299629139
-167.34402262051228	75.52677452042326
-167.3663278128758	75.42761901869325
-167.38872367580268	75.32846343771443
-167.41120170994157	75.22930775747741
-167.43375341594108	75.13015195797274
-167.4563702944499	75.03099601919105
-167.47904384611664	74.9318399211229
-167.50176557158986	74.83268364375883
-167.52452697151824	74.7335271670895
-167.5473195465504	74.63437047110547
-167.57013479733504	74.53521353579735
-167.59296422452076	74.43605634115566
-167.61579932875614	74.33689886717104
-167.63863161068983	74.23774109383406
-167.66145257097057	74.13858300113532
-167.68425371024685	74.03942456906537
-167.70702652916736	73.94026577761484
-167.7297625283807	73.84110660677428
-167.75245320853554	73.74194703653428
-167.77509007028056	73.64278704688547
-167.7976646142643	73.54362661781835
-167.82016834113548	73.44446572932361
-167.84259275154264	73.34530436139174
-167.8649293461345	73.24614249401341
-167.88716962555964	73.14698010717912
-167.90930509046666	73.04781718087953
-167.93132724150425	72.94865369510518
-167.95322757932107	72.84948962984669
-167.97499760456571	72.7503249650946
-167.9966288178868	72.65115968083954
-168.01811271993296	72.5519937570721
-168.03944081135288	72.45282717378282
-168.06060459279513	72.35365991096229
-168.08159556490835	72.25449194860117
-168.10240522834124	72.15532326668995
-168.1230250837423	72.0561538452193
-168.14344714053576	71.95698366417972
-168.16366924154593	71.85781270356185
-168.18369295491925	71.75864094335627
-168.20351990919903	71.65946836355356
-168.2231517329282	71.56029494414432
-168.2425900546499	71.4611206651191
-168.2618365029072	71.36194550646853
-168.28089270624318	71.26276944818316
-168.29976029320096	71.16359247025358
-168.31844089232365	71.0644145526704
-168.3369361321542	70.96523567542418
-168.3552476412359	70.86605581850552
-168.37337704811168	70.76687496190503
-168.39132598132466	70.66769308561324
-168.40909606941798	70.56851016962077
-168.42668894093467	70.46932619391819
-168.44410622441782	70.3701411384961
-168.46134954841062	70.27095498334509
-168.478420541456	70.17176770845575
-168.49532083209712	70.07257929381863
-168.51205204887705	69.97338971942435
-168.52861582033898	69.8741989652635
-168.54501377502586	69.77500701132661
-168.56124754148084	69.67581383760435
-168.57731874824697	69.57661942408721
-168.59322902386745	69.47742375076588
-168.60897999688518	69.37822679763086
-168.62457329584342	69.27902854467278
-168.64001054928514	69.17982897188222
-168.65529338575345	69.08062805924976
-168.6704234337915	68.98142578676598
-168.68540232194235	68.88222213442147
-168.70023167874902	68.78301708220684
-168.71491313275473	68.68381061011263
-168.72944831250243	68.58460269812944
-168.74383884653537	68.48539332624789
-168.7580863633964	68.38618247445855
-168.77219249162877	68.28697012275197
-168.78615885977558	68.18775625111877
-168.79998709637985	68.08854083954952
-168.81367882998464	67.98932386803483
-168.82723568913323	67.89010531656527
-168.8406593023684	67.79088516513141
-168.8539512982335	67.69166339372386
-168.86711330527152	67.5924399823332
-168.88014695202557	67.49321491095002
-168.89305386703865	67.39398815956488
-168.90583567885395	67.29475970816841
-168.91849401601448	67.19552953675117
-168.9310305070634	67.09629762530372
-168.94344678054375	66.99706395381666
-168.95574446499865	66.89782850228063
-168.96792518897115	66.79859125068614
-168.97999058100436	66.69935217902383
-168.99194226964136	66.60011126728426
-169.00378188342526	66.50086849545801
-169.0155110508991	66.4016238435357
-169.027131400606	66.30237729150787
-169.03864456108906	66.20312881936515
-169.0500521608913	66.10387840709807
-169.06135582855586	66.00462603469727
-169.07255719262588	65.90537168215332
-169.08365788164437	65.80611532945679
-169.09465952415442	65.70685695659827
-169.10556374869913	65.60759654356836
-169.11637218382162	65.50833407035765
-169.12708645806492	65.40906951695672
-169.13770819997217	65.30980286335611
-169.14823903808636	65.21053408954648
-169.15868060095073	65.11126317551836
-169.1690345171083	65.01199010126238
-169.1793024151021	64.91271484676909
-169.18948592347525	64.81343739202909
-169.19958667077088	64.71415771703296
-169.209606285532	64.61487580177129
-169.21954639630178	64.51559162623468
-169.22940863162327	64.4163051704137
-169.23919462003957	64.3170164142989
-169.2489059900937	64.21772533788095
-169.25854437032885	64.11843192115037
-169.26811138928804	64.01913614409776
-169.27760867551441	63.91983798671372
-169.28703785755093	63.82053742898882
-169.29640056394086	63.72123445091366
-169.30569842322714	63.62192903247881
-169.31493306395294	63.522621153674876
-169.32410611466133	63.42331079449243
-169.33321920389537	63.32399793492203
-169.34227396019818	63.22468255495432
-169.35127201211284	63.12536463457985
-169.36021498818238	63.026044153789194
-169.36910446116335	62.92672109341143
-169.37794123832242	62.827395445780496
-169.38672557117215	62.72806721158308
-169.3954576987382	62.62873639169358
-169.40413786004612	62.52940298698631
-169.41276629412152	62.4300669983357
-169.42134323999005	62.330728426616034
-169.42986893667742	62.23138727270177
-169.43834362320908	62.13204353746719
-169.44676753861071	62.032697221786684
-169.45514092190797	61.93334832653465
-169.46346401212648	61.833996852585415
-169.47173704829183	61.73464280081336
-169.47996026942963	61.63528617209285
-169.4881339145655	61.53592696729823
-169.49625822272515	61.4365651873039
-169.50433343293406	61.337200832984166
-169.51235978421792	61.237833905213456
-169.5203375156024	61.1384644048661
-169.52826686611306	61.03909233281648
-169.53614807477544	60.939717689938945
-169.54398138061532	60.84034047710786
-169.55176702265825	60.74096069519761
-169.55950523992982	60.64157834508253
-169.56719627145569	60.542193427637
-169.57484035626143	60.44280594373538
-169.58243773337276	60.34341589425203
-169.58998864181515	60.244023280061356
-169.59749332061438	60.14462810203765
-169.60495200879595	60.04523036105534
-169.61236494538554	59.94583005798875
-169.61973236940878	59.84642719371227
-169.6270545198912	59.747021769100265
-169.63433163585853	59.64761378502707
-169.64156395633628	59.54820324236707
-169.64875172035025	59.448790141994635
-169.65589516692583	59.349374484784114
-169.66299453508884	59.249956271609896
-169.67005006386475	59.150535503346305
-169.67706199227928	59.05111218086775
-169.684030559358	58.95168630504856
-169.69095600412655	58.85225787676312
-169.69783856561057	58.75282689688581
-169.70467848283556	58.653393366290935
-169.71147599482725	58.55395728585292
-169.7182313406113	58.4545186564461
-169.72494475921326	58.35507747894485
-169.7316164896588	58.25563375422354
-169.7382467709734	58.15618748315651
-169.74483584218285	58.05673866661815
-169.75138394231269	57.95728730548282
-169.75789131038852	57.857833400624855
-169.764358185436	57.75837695291868
-169.77078480648075	57.65891796323859
-169.7771714125484	57.55945643245901
-169.78351824266448	57.45999236145425
-169.78982553585476	57.36052575109871
-169.7960935311447	57.26105660226675
-169.8023224675601	57.16158491583275
-169.80851258412642	57.062110692671034
-169.81466411986932	56.962633933655965
-169.82077731381446	56.863154639661964
-169.82685240498742	56.76367281156335
-169.83288963241384	56.66418845023449
-169.83888923511938	56.56470155654977
-169.84485145212957	56.46521213138353
-169.85077652247008	56.36572017561017
-169.85666468516652	56.26622569010401
-169.86251617924455	56.166728675739435
-169.86833124372973	56.06722913339079
-169.87411011764775	55.967727063932486
-169.8798530400241	55.86822246823887
-169.88556024988458	55.76871534718428
-169.89123198625464	55.6692057016431
-169.89686848816004	55.5696935324897
-169.9024699946263	55.470178840598415
-169.90803674467907	55.37066162684364
-169.913568977344	55.27114189209975
-169.91906693164665	55.17161963724106
-169.92453084661273	55.072094863141984
-169.9299609612677	54.972567570676844
-169.93535751463736	54.873037760720045
-169.94072074574726	54.773505434145946
-169.94605089362298	54.67397059182888
-169.9513481972902	54.57443323464324
-169.9566128957745	54.47489336346336
-169.9618452281015	54.37535097916364
-169.96704543329687	54.27580608261843
-169.97221375038615	54.1762586747021
-169.97735041839505	54.07670875628901
-169.9824556763491	53.977156328253514
-169.98752976327393	53.87760139146999
-169.99257291819526	53.77804394681277
-169.99758538013862	53.678483995156284
-170.00256738812965	53.57892153737485
-170.00751918119394	53.47935657434283
-170.01244099835716	53.37978910693461
-170.01733307864492	53.28021913602455
-170.02219566108283	53.18064666248699
-170.02702898469647	53.08107168719632
-170.03183328851156	52.981494211026906
-170.03660881155363	52.88191423485309
-170.0413557928484	52.782331759549265
-170.04607447142135	52.68274678598977
-170.0507650862981	52.583159315048995
-170.05542787650444	52.48356934760128
-170.06006308106586	52.383976884521005
-170.064670939008	52.28438192668253
-170.06925168935646	52.18478447496021
-170.07380557113692	52.08518453022841
-170.078332823375	51.98558209336153
-170.08283368509626	51.885977165233875
-170.08730839532635	51.78636974671986
-170.09175719309087	51.68675983869382
-170.0961803174155	51.587147442030144
-170.10057800732574	51.487532557603174
-170.10495050184733	51.38791518628728
-170.10929804000588	51.28829532895684
-170.11362086082693	51.188672986486196
-170.11791920333616	51.08904815974974
-170.12219330655915	50.9894208496218
-170.1264434095216	50.88979105697677
-170.13066975124906	50.790158782689
-170.13487257076713	50.69052402763287
-170.13905210710146	50.59088679268273
-170.14320859927773	50.49124707871296
-170.14734228632148	50.391604886597904
-170.15145340725834	50.29196021721195
-170.15554220111392	50.19231307142942
-170.15960890691392	50.09266345012473
-170.1636537636839	49.99301135417221
-170.1676770104494	49.89335678444623
-170.17167888623624	49.79369974182119
-170.17565963006984	49.69404022717139
-170.17961948097593	49.59437824137124
-170.1835586779801	49.49471378529512
-170.187477460108	49.395046859817334
-170.1913760663852	49.29537746581231
-170.1952547358373	49.195705604154355
-170.19911370749	49.09603127571788
-170.2029532203689	48.99635448137724
-170.20677351349957	48.89667522200676
-170.21057482590763	48.796993498480845
-170.21435739661882	48.697309311673855
-170.2181214646586	48.59762266246015
-170.22186726905267	48.497933551714084
-170.22559504882668	48.39824198031003
-170.22930504300618	48.298547949122394
-170.2329974906168	48.19885145902544
-170.2366726306842	48.099152510893646
-170.240330702234	47.999451105601295
-170.2439719442918	47.89974724402277
-170.24759659588315	47.80004092703247
-170.2512048960338	47.7003321555047
-170.2547970837693	47.60062093031389
-170.25837339811528	47.50090725233435
-170.26193407809737	47.40119112244049
-170.26547936274113	47.30147254150663
-170.26900949107224	47.20175151040716
-170.27252470211636	47.102028030016456
-170.27602523489904	47.00230210120886
-170.2795113284459	46.90257372485873
-170.28298322178256	46.80284290184048
-170.28644115393467	46.703109633028404
-170.28988536392785	46.603373919296914
-170.29331609078767	46.50363576152037
-170.29673357353985	46.4038951605731
-170.30013805120987	46.30415211732952
-170.30352976282347	46.204406632663975
-170.30690894740619	46.10465870745082
-170.3102758439837	46.00490834256443
-170.31363069158166	45.90515553887914
-170.3169737292256	45.80540029726935
-170.32030519594113	45.70564261860942
-170.323625330754	45.605882503773714
-170.32693437268964	45.50611995363658
-170.33023256077388	45.40635496907239
-170.3335201340321	45.30658755095552
-170.33679733149017	45.20681770016031
-170.34006439217356	45.10704541756115
-170.3433215551079	45.0072707040324
-170.34656905931888	44.90749356044842
-170.34980714383204	44.807713987683556
-170.35303604767304	44.70793198661221
-170.3562560098675	44.608147558108726
-170.359467269441	44.50836070304746
-170.36267006541925	44.40857142230277
-170.36586463682778	44.308779716749065
-170.3690512226922	44.20898558726066
-170.37223006203823	44.10918903471195
-170.3754013938914	44.00939005997729
-170.37856545727738	43.90958866393104
-170.38172249122175	43.80978484744756
-170.3848727347502	43.709978611401226
-170.3880164268882	43.61016995666641
-170.39115380666152	43.510358884117466
-170.39428511309575	43.41054539462874
-170.3974105852165	43.310729489074625
-170.4005304617151	43.21091116833899
-170.4036448875109	43.111090435974404
-170.40675378575276	43.01126730184489
-170.4098570475352	42.911441776726704
-170.4129545639529	42.81161387139615
-170.41604622610026	42.71178359662944
-170.41913192507198	42.611950963202894
-170.4222115519626	42.51211598189277
-170.42528499786664	42.41227866347532
-170.42835215387868	42.31243901872682
-170.43141291109336	42.212597058423526
-170.43446716060518	42.112752793341734
-170.43751479350874	42.0129062342577
-170.4405557008986	41.91305739194766
-170.44358977386938	41.81320627718793
-170.44661690351555	41.71335290075475
-170.4496369809317	41.613497273424414
-170.45264989721247	41.513639405973166
-170.45565554345237	41.41377930917727
-170.45865381074606	41.31391699381301
-170.46164459018797	41.21405247065663
-170.46462777287275	41.114185750484445
-170.46760324989492	41.01431684407268
-170.47057091234916	40.91444576219761
-170.47353065132992	40.81457251563554
-170.47648235793184	40.71469711516268
-170.4794259232494	40.61481957155535
-170.4823612383773	40.51493989558977
-170.48528819441003	40.41505809804226
-170.4882066824422	40.31517418968905
-170.49111659356834	40.21528818130641
-170.494017818883	40.11540008367065
-170.4969102494808	40.015509907557956
-170.4997937764563	39.91561766374468
-170.50266829090407	39.815723363007066
-170.50553368391869	39.71582701612134
-170.50838984659464	39.61592863386383
-170.5112366700266	39.51602822701077
-170.51407404530906	39.41612580633842
-170.51690186353665	39.316221382623084
-170.51972001580398	39.21631496664099
-170.52252839320548	39.116406569168426
-170.52532688683584	39.01649620098167
-170.52811538778957	38.91658387285698
-170.5308937871612	38.81666959557063
-170.53366197604544	38.71675337989887
-170.53641984553678	38.61683523661798
-170.5391672867297	38.51691517650422
-170.54190419071895	38.41699321033388
-170.54463044859895	38.31706934888321
-170.54734595146434	38.21714360292848
-170.55005059040965	38.117215983245956
-170.55274425652948	38.01728650061192
-170.5554268409184	37.91735516580263
-170.55809823467095	37.81742198959435
-170.56075832888172	37.71748698276335
-170.56340701464535	37.61755015608592
-170.56604418305628	37.51761152033828
-170.5686697252091	37.417671086296735
-170.57128353219844	37.31772886473755
-170.5738854951189	37.21778486643699
-170.57647550506496	37.11783910217133
-170.57905345313125	37.01789158271681
-170.58161923041231	36.91794231884973
-170.58417272800273	36.817991321346355
-170.58671383699698	36.718038600982915
-170.58924244848973	36.618084168535745
-170.59175845357566	36.51812803478104
-170.59426174334908	36.41817021049513
-170.59675220890477	36.318210706454245
-170.59922974133718	36.21824953343465
-170.60169423174096	36.11828670221265
-170.6041455712106	36.018322223564475
-170.60658365084075	35.91835610826643
-170.6090083617259	35.81838836709474
-170.61141959496064	35.7184190108257
-170.61381724163965	35.61844805023558
-170.61620119285732	35.51847549610062
-170.61857133970838	35.41850135919715
-170.6209275732873	35.31852565030137
-170.62326978468866	35.21854838018958
-170.62559786500702	35.11856955963804
-170.62791170533703	35.01858919942302
-170.63021119677322	34.9186073103208
-170.6324962304101	34.81862390310765
-170.63476669734231	34.718638988559796
-170.63702248866437	34.61865257745355
-170.63926349547089	34.51866468056517
-170.6414896088564	34.41867530867092
-170.64370071991553	34.31868447254707
-170.64589671974275	34.218692182969875
-170.64807749943276	34.118698450715634
-170.65024295008007	34.01870328656058
-170.65239296277917	33.918706701280996
-170.65452742862473	33.81870870565317
-170.65664623871132	33.71870931045334
-170.65874928413348	33.61870852645779
-170.6608364559857	33.51870636444277
-170.6629076453627	33.41870283518457
-170.66496274335898	33.318697949459455
-170.66700164106908	33.21869171804367
-170.6690242295876	33.11868415171353
-170.6710304000091	33.01867526124524
-170.67302004342812	32.91866505741514
-170.67499305093932	32.81865355099945
-170.67694931363727	32.71864075277443
-170.67888872261636	32.61862667351638
-170.68081116897136	32.51861132400154
-170.6827165437967	32.418594715006215
-170.6846047381871	32.318576857306645
-170.686475643237	32.21855776167909
-170.68832915004097	32.11853743889985
-170.69016514969366	32.01851589974516
-170.69198353328957	31.91849315499132
-170.69378419192336	31.81846921541458
-170.6955670166895	31.718444091791188
-170.6973318986826	31.618417794897454
-170.69907872899725	31.51839033550962
-170.700807398728	31.418361724403958
-170.70251779896935	31.318331972356756
-170.70420982081598	31.218301090144234
-170.70588335956631	31.118269088542718
-170.7075384739373	31.01823597832842
-170.7091754349272	30.91820177027766
-170.71079452772105	30.818166475166677
-170.71239603750396	30.718130103771742
-170.71398024946083	30.618092666869135
-170.71554744877665	30.518054175235097
-170.7170979206365	30.418014639645936
-170.7186319502254	30.317974070877895
-170.72014982272825	30.21793247970723
-170.72165182333023	30.117889876910233
-170.72313823721618	30.01784627326316
-170.72460934957115	29.917801679542286
-170.7260654455802	29.817756106523888
-170.72750681042828	29.717709564984204
-170.7289337293004	29.61766206569953
-170.73034648738164	29.517613619446113
-170.73174536985695	29.41756423700025
-170.7331306619113	29.31751392913819
-170.73450264872974	29.217462706636187
-170.7358616154973	29.11741058027054
-170.737207847399	29.017357560817487
-170.73854162961976	28.917303659053324
-170.73986324734463	28.81724888575431
-170.74117298575865	28.717193251696692
-170.74247113004677	28.617136767656763
-170.74375796539408	28.517079444410783
-170.7450337769855	28.417021292735026
-170.74629885000607	28.316962323405754
-170.74755346964082	28.216902547199222
-170.74879792107473	28.116841974891734
-170.75003248949278	28.01678061725951
-170.75125746008004	27.916718485078864
-170.75247311802147	27.81665558912605
-170.75367974850215	27.71659194017731
-170.75487763670696	27.616527549008946
-170.75606706782102	27.5164624263972
-170.75724832702926	27.416396583118374
-170.75842169951673	27.31633002994871
-170.75958747046846	27.216262777664458
-170.7607459250694	27.116194837041938
-170.76189734850462	27.016126218857362
-170.763042025959	26.91605693388705
-170.76418024261773	26.815986992907238
-170.7653122836657	26.715916406694188
-170.76643843428795	26.6158451860242
-170.76755897966945	26.515773341673512
-170.76867420499522	26.41570088441841
-170.76978439545036	26.31562782503516
-170.77088983621974	26.215554174300014
-170.7719908124884	26.115479942989268
-170.77308760944143	26.015405141879157
-170.77418051226377	25.915329781745978
-170.77526980614047	25.81525387336599
-170.77635577625645	25.715177427515442
-170.7774387077968	25.615100454970637
-170.77851888594648	25.515022966507818
-170.7795965958905	25.41494497290326
-170.78067212281397	25.314866484933244
-170.78174575190172	25.214787513374006
-170.78281776833887	25.114708069001846
-170.78388845731038	25.014628162593002
-170.78495810400136	24.914547804923778
-170.78602699359666	24.81446700677043
-170.7870954112814	24.714385778909193
-170.7881636422406	24.614304132116388
-170.78923197165918	24.514222077168235
-170.79030068472213	24.414139624841045
-170.79137006661458	24.314056785911056
-170.79244040252144	24.213973571154536
-170.79351197762776	24.113889991347783
-170.79458507711854	24.013806057267033
-170.79565998617872	23.91372177968857
-170.7967369899934	23.81363716938866
-170.79781637374765	23.713552237143556
-170.7988984226263	23.61346699372955
-170.79998342181437	23.513381449922893
-170.80107165649713	23.413295616499866
-170.80216341185925	23.31320950423673
-170.80325897308592	23.213123123909742
-170.8043586253621	23.113036486295197
-170.80546265387278	23.012949602169343
-170.80657134380306	22.91286248230846
-170.80768498033783	22.8127751374888
-170.80880384866214	22.712687578486634
-170.80992823396102	22.612599816078248
-170.8110584214195	22.512511861039883
-170.8121946962225	22.412423724147846
-170.81333734355508	22.312335416178374
-170.81448664860224	22.212246947907733
-170.81564289654895	22.112158330112216
-170.81680637258034	22.012069573568063
-170.81797736188125	21.911980689051564
-170.81915614963685	21.811891687338978
-170.820343021032	21.71180257920656
-170.82153826125176	21.6117133754306
-170.8227421554812	21.511624086787364
-170.82395498890529	21.411534724053105
-170.825177046709	21.311445298004113
-170.8264086140774	21.211355819416625
-170.8276499761954	21.111266299066944
-170.82890141824808	21.011176747731305
-170.83016322542042	20.911087176186
-170.83143568289748	20.810997595207304
-170.83271907586422	20.710908015571448
-170.83401368950567	20.610818448054733
-170.83531980900673	20.510728903433414
-170.83663771955258	20.410639392483763
-170.83796770632813	20.310549925982055
-170.83931005451842	20.210460514704536
-170.84066504930843	20.110371169427502
-170.84203297588317	20.010281900927186
-170.84341411942762	19.910192719979904
-170.84480876512683	19.810103637361888
-170.84621719816585	19.710014663849407
-170.8476397037296	19.60992581021875
-170.84907656700312	19.50983708724616
-170.85052807317143	19.409748505707935
-170.85199450741825	19.309660076380318
-170.85347608702165	19.209571810039577
-170.85497277875345	19.109483717462005
-170.8564844916339	19.009395809423836
-170.85801113468315	18.90930809670137
-170.85955261692138	18.80922059007086
-170.86110884736883	18.709133300308565
-170.86267973504562	18.609046238190775
-170.86426518897198	18.508959414493727
-170.8658651181681	18.40887283999373
-170.86747943165415	18.30878652546703
-170.86910803845032	18.208700481689874
-170.87075084757686	18.108614719438574
-170.87240776805385	18.00852924948936
-170.8740787089015	17.908444082618523
-170.87576357914008	17.808359229602335
-170.87746228778965	17.708274701217036
-170.87917474387052	17.60819050823892
-170.88090085640283	17.508106661444234
-170.88264053440673	17.408023171609273
-170.88439368690246	17.307940049510293
-170.88616022291015	17.207857305923543
-170.88794005145007	17.107774951625327
-170.88973308154232	17.00769299739187
-170.89153922220717	16.907611453999486
-170.8933583824647	16.807530332224417
-170.8951904713352	16.707449642842924
-170.89703539783886	16.607369396631306
-170.89889307099577	16.507289604365788
-170.90076339982613	16.407210276822678
-170.90264629335024	16.307131424778234
-170.90454166058822	16.207053059008697
-170.9064494105602	16.106975190290377
-170.90836945228648	16.0068978293995
-170.91030169478722	15.906820987112374
-170.91224604708242	15.806744674205241
-170.91420241819256	15.706668901454368
-170.91617071713765	15.606593679636047
-170.91815085293788	15.506519019526507
-170.92014273461348	15.406444931902069
-170.92214627118472	15.306371427538963
-170.9241613716716	15.206298517213456
-170.92618794509445	15.106226211701838
-170.92822590047342	15.006154521780353
-170.93027514682865	14.906083458225295
-170.93233559318037	14.806013031812919
-170.93440714854876	14.705943253319472
-170.93648972195402	14.605874133521265
-170.93858322241636	14.505805683194524
-170.94068755895591	14.405737913115555
-170.94280264059282	14.30567083406061
-170.94492837634746	14.20560445680594
-170.94706467523983	14.105538792127833
-170.94921144629018	14.005473850802552
-170.95136859851868	13.90540964360637
-170.95353604094558	13.805346181315555
-170.955713682591	13.70528347470636
-170.95790143247518	13.60522153455507
-170.96009919961824	13.505160371637936
-170.96230689304042	13.405099996731257
-170.9645244217619	13.305040420611276
-170.96675169480287	13.20498165405425
-170.96898862118348	13.104923707836484
-170.97123510992398	13.004866592734206
-170.97349107004445	12.904810319523724
-170.97575641056522	12.804754898981281
-170.9780310405064	12.704700341883136
-170.98031486888814	12.604646659005587
-170.9826078047307	12.504593861124873
-170.98490975705423	12.404541959017287
-170.98722063487892	12.304490963459084
-170.98954034722493	12.204440885226523
-170.9918688031125	12.104391735095897
-170.99420591156183	12.004343523843445
-170.99655158159308	11.904296262245465
-170.9989057222264	11.804249961078206
-171.00126824248198	11.704204631117932
-171.00363905138008	11.60416028314093
-171.00601805794076	11.504116927923446
-171.00840517118434	11.404074576241769
-171.01080030013097	11.304033238872158
-171.01320335380083	11.20399292659087
-171.01561424121405	11.103953650174196
-171.01803287139094	11.003915420398378
-171.02045915335154	10.903878248039716
-171.02289299611616	10.803842143874453
-171.0253343087049	10.703807118678856
-171.02778300013802	10.603773183229215
-171.03023897943567	10.50374034830177
-171.032702155618	10.403708624672817
-171.03517243770528	10.303678023118612
-171.03764973471766	10.203648554415405
-171.04013395567526	10.103620229339494
-171.04262500959837	10.003593058667125
-171.04512280550708	9.903567053174585
-171.0476272524217	9.803542223638134
-171.05013825936228	9.703518580834029
-171.05265573534916	9.603496135538558
-171.05517958940237	9.503474898527964
-171.05770973054223	9.403454880578545
-171.06024606778882	9.303436092466555
-171.06278851016242	9.203418544968244
-171.06533696668316	9.103402248859913
-171.0678913463712	9.003387214917801
-171.0704515582468	8.9033734539182
-171.07301751133008	8.803360976637371
-171.07558911464128	8.703349793851565
-171.07816627720058	8.603339916337077
-171.08074890802814	8.503331354870145
-171.08333691614416	8.403324120227074
-171.08593021056885	8.303318223184109
-171.08852870032234	8.203313674517506
-171.09113229442485	8.103310485003565
-171.09374090189658	8.003308665418524
-171.09635443175773	7.903308226538675
-171.0989727930285	7.803309179140276
-171.10159589472894	7.703311533999585
-171.10422364587936	7.603315301892891
-171.1068559555	7.503320493596439
-171.1094927326109	7.403327119886521
-171.11213388623233	7.303335191539394
-171.1147793253845	7.203344719331312
-171.11742895908753	7.103355714038573
-171.1200826963617	7.003368186437406
-171.12274044622706	6.903382147304127
-171.12540211770389	6.80339760741497
-171.12806761981238	6.703414577546202
-171.1307368615727	6.603433068474117
-171.13340975200504	6.50345309097495
-171.13608620012957	6.403474655825003
-171.13876611496647	6.303497773800526
-171.14144940553598	6.203522455677773
-171.14413598085824	6.103548712233043
-171.1468257499535	6.003576554242576
-171.14951862184182	5.903605992482666
-171.15221450554353	5.80363703772957
-171.15491331007874	5.703669700759537
-171.15761494446764	5.603703992348866
-171.16031931773043	5.503739923273803
-171.16302633888728	5.403777504310634
-171.1657359169584	5.30381674623562
-171.168447960964	5.203857659825011
-171.17116237992417	5.1039002558551045
-171.1738790828592	5.003944545102142
-171.17659797878923	4.903990538342419
-171.1793189767345	4.804038246352185
-171.18204198571507	4.704087679907704
-171.18476691475126	4.604138849785264
-171.18749367286324	4.504191766761112
-171.19022216907115	4.404246441611534
-171.19295231239516	4.304302885112792
-171.19568401185552	4.204361108041136
-171.19841717647236	4.104421121172867
-171.2011517152659	4.004482935284222
-171.20388753725635	3.9045465611514985
-171.20662455146385	3.8046120095509446
-171.2093626669086	3.704679291258822
-171.21210179261078	3.604748417051426
-171.2148418375906	3.5048193977049937
-171.21758271086824	3.4048922439958176
-171.2203243214639	3.304966966700163
-171.22306657839772	3.2050435765942744
-171.22580939068993	3.105122084454452
-171.22855266736076	3.005202501056936
-171.23129631743024	2.9052848371780184
-171.2340402499187	2.8053691035939563
-171.23678437384632	2.705455311081007
-171.23952859823322	2.605543470415461
-171.24227283209964	2.5056335923735604
-171.24501698446574	2.405725687731607
-171.2477609643517	2.305819767265848
-171.25050468077774	2.2059158417525397
-171.253248042764	2.1060139219679748
-171.25599095933072	2.006114018688395
-171.2587333394981	1.9062161426901012
-171.26147509228625	1.8063203047493452
-171.2642161267154	1.7064265156423772
-171.26695635180573	1.606534786145498
-171.26969567657744	1.5066451270349441
-171.27243401005074	1.4067575490870157
-171.27517126124576	1.3068720630779653
-171.2779073391827	1.2069886797840415
-171.2806421528817	1.1071074099815492
-171.28337561136308	1.0072282644467236
-171.28610762364698	0.9073512539558646
-171.28883809875353	0.8074763892852195
-171.29156694570298	0.7076036812110482
-171.29429407351543	0.6077331405096444
-171.29701939121117	0.5078647779572476
-171.29974280781028	0.40799860433015933
-171.30246423233308	0.30813463040462885
-171.3051835737996	0.20827286695690805
-171.30790074123013	0.10841332476329768
-171.31061564364492	0.008556014600036299
-171.313328190064	-0.09129905275657979
-171.31603828950767	-0.19115186653029692
-171.31874585099607	-0.2910024159448632
-171.3214507835494	-0.390850690223977
-171.32415299618782	-0.4906966785914033
-171.32685239793153	-0.590540370270844
-171.3295488978008	-0.6903817544860411
-171.33224240481567	-0.7902208204607488
-171.33493282799645	-0.8900575574186638
-171.3376200763633	-0.9898919545835518
-171.3403040589363	-1.0897240011791114
-171.34298468473577	-1.1895536864290914
-171.34566186278187	-1.2893809995572347
-171.34833550209476	-1.3892059297872539
-171.35100551169464	-1.489028466342897
-171.35367180060166	-1.588848598447874
-171.35633427783605	-1.6886663153259303
-171.35899285241803	-1.788481606200813
-171.36164743336766	-1.8882944602962217
-171.3642979297053	-1.988104866835923
-171.36694425045098	-2.087912815043614
-171.369586304625	-2.1877182941430444
-171.37222400124745	-2.2875212933579574
-171.37485724933862	-2.3873218019120612
-171.37748595791862	-2.487119809029114
-171.38011003600766	-2.586915303932816
-171.38272939262598	-2.686708275846918
-171.38534393679365	-2.7864987139951634
-171.38795357753094	-2.8862866076012548
-171.39055822385805	-2.9860719458889573
-171.39315778479516	-3.08585471808197
-171.39575216936237	-3.185634913404039
-171.39834128657998	-3.2854125210789125
-171.4009250454681	-3.385187530330292
-171.40350335504698	-3.4849599303819385
-171.40607612433675	-3.5847297104575553
-171.40864326235763	-3.6844968597808885
-171.4112046781298	-3.784261367575688
-171.41376028067342	-3.8840232230656513
-171.41630997900873	-3.9837824154745425
-171.41885368215588	-4.083538934026061
-171.42139129913505	-4.183292767943959
-171.4239227389665	-4.283043906451976
-171.42644791067036	-4.3827923387738235
-171.42896672326677	-4.482538054133254
-171.43147908577595	-4.582281041753975
-171.43398490721816	-4.682021290859728
-171.43648409661347	-4.781758790674266
-171.4389765629822	-4.881493530421288
-171.44146221534442	-4.981225499324559
-171.44394096272035	-5.080954686607775
-171.44641271413022	-5.180681081494688
-171.44887729960467	-5.280404674030209
-171.4513334479094	-5.3801254657078745
-171.45377907949845	-5.479843466424424
-171.456212096189	-5.579558686270285
-171.45863039979858	-5.679271135335919
-171.46103189214443	-5.778980823711799
-171.463414475044	-5.878687761488344
-171.46577605031456	-5.97839195875604
-171.46811451977368	-6.078093425605313
-171.4704277852385	-6.177792172126632
-171.4727137485266	-6.277488208410462
-171.4749703114551	-6.377181544547228
-171.4771953758416	-6.476872190627409
-171.4793868435034	-6.576560156741436
-171.4815426162578	-6.676245452979778
-171.48366059592226	-6.775928089432893
-171.48573868431404	-6.875608076191216
-171.48777478325064	-6.975285423345222
-171.48976679454933	-7.074960140985342
-171.49171262002756	-7.174632239202044
-171.49361016150263	-7.274301728085783
-171.4954573207919	-7.373968617727003
-171.49725199971286	-7.47363291821617
-171.49899210008275	-7.573294639643717
-171.50067552371897	-7.672953792100114
-171.5023001724389	-7.772610385675821
-171.50386394805997	-7.8722644304612714
-171.5053647523994	-7.9719159365469405
-171.5068004872747	-8.071564914023256
-171.50816905450318	-8.17121137298069
-171.50946835590227	-8.270855323509702
-171.51069629328924	-8.37049677570072
-171.51185076848157	-8.470135739644228
-171.51292968329642	-8.569772225430647
-171.51393093955141	-8.669406243150453
-171.5148524390638	-8.769037802894102
-171.515692083651	-8.868666914752032
-171.51644777513033	-8.968293588814715
-171.51711741531912	-9.06791783517258
-171.5176989060348	-9.167539663916097
-171.5181901490948	-9.267159085135727
-171.51858904631638	-9.366776108921899
-171.51889349951693	-9.466390745365098
-171.51910141051385	-9.566003004555744
-171.51921068112452	-9.665612896584307
-171.5192192131663	-9.765220431541259
-171.51912490845652	-9.864825619517015
-171.5189256688126	-9.96442847060207
-171.5186193960519	-10.06402899488683
-171.51820399199173	-10.163627202461784
-171.51767735844956	-10.263223103417376
-171.51703739724266	-10.362816707844082
-171.51628201018846	-10.462408025832305
-171.51540909910435	-10.561997067472532
-171.5144165658076	-10.661583842855208
-171.5133023121157	-10.761168362070793
-171.51206423984596	-10.86075063520976
-171.5107002508157	-10.960330672362515
-171.50920824684238	-11.059908483619534
-171.50758612974332	-11.159484079071273
-171.50583180133592	-11.259057468808189
-171.50394316343755	-11.358628662920754
-171.50191811786544	-11.458197671499374
-171.49975456643722	-11.557764504634532
-171.49745041097003	-11.657329172416674
-171.49500355328138	-11.756891684936251
-171.49241189518855	-11.85645205228376
-171.48967333850896	-11.956010284549583
-171.48678578505994	-12.055566391824211
-171.48374713665893	-12.155120384198089
-171.4805552951232	-12.254672271761677
-171.47720816227022	-12.354222064605459
-171.4737036399173	-12.453769772819824
-171.4700396298818	-12.55331540649526
-171.46621403398112	-12.65285897572222
-171.4622247540327	-12.752400490591153
-171.4580696918537	-12.851939961192542
-171.45374674926168	-12.95147739761679
-171.44925382807395	-13.051012809954376
-171.44458883010788	-13.150546208295745
-171.43974965718087	-13.250077602731366
-171.43473421111014	-13.349607003351709
-171.42954039371327	-13.449134420247177
-171.42416610680752	-13.548659863508242
-171.41860925221027	-13.648183343225371
-171.4128677317389	-13.747704869489006
-171.40693944721076	-13.847224452389641
-171.40082230044328	-13.94674210201766
-171.3945141932537	-14.046257828463553
-171.38801302745952	-14.145771641817774
-171.38131670487806	-14.24528355217077
-171.37442312732668	-14.344793569613023
-171.3673301966228	-14.444301704234947
-171.36003581458368	-14.543807966127
-171.35253788302683	-14.64331236537965
-171.34483430376952	-14.742814912083345
-171.3369229786291	-14.842315616328566
-171.328801809423	-14.941814488205715
-171.3204686979686	-15.04131153780527
-171.31192154608325	-15.140806775217682
-171.30315825558432	-15.240300210533412
-171.29417672828916	-15.33979185384294
-171.28497486601515	-15.43928171523666
-171.27555057057964	-15.53876980480505
-171.26590174380004	-15.638256132638572
-171.25602628749374	-15.737740708827673
-171.24592210347802	-15.837223543462844
-171.2355870935703	-15.93670464663447
-171.22501915958802	-16.036184028433038
-171.2142162033484	-16.135661698949
-171.20317612666892	-16.23513766827282
-171.19189687046713	-16.33461194649496
-171.1803787218359	-16.434084543705836
-171.16862560453123	-16.53355546999592
-171.1566417551509	-16.633024735455667
-171.14443141029307	-16.73249235017553
-171.13199880655557	-16.831958324245996
-171.11934818053646	-16.931422667757452
-171.10648376883364	-17.030885390800385
-171.09340980804507	-17.13034650346525
-171.0801305347687	-17.229806015842502
-171.06665018560247	-17.329263938022624
-171.05297299714437	-17.428720280096
-171.0391032059924	-17.528175052153127
-171.02504504874443	-17.62762826428445
-171.01080276199846	-17.72707992658043
-170.9963805823525	-17.826530049131534
-170.98178274640438	-17.92597864202818
-170.96701349075215	-18.025425715360836
-170.95207705199374	-18.124871279219953
-170.9369776667271	-18.224315343695988
-170.92171957155028	-18.323757918879437
-170.9063070030611	-18.42319901486067
-170.8907441978576	-18.522638641730193
-170.8750353925377	-18.622076809578445
-170.8591848236994	-18.721513528495887
-170.8431967279406	-18.820948808572997
-170.82707534185934	-18.920382659900174
-170.81082490205353	-19.019815092567892
-170.79444964512098	-19.11924611666662
-170.7779538076599	-19.218675742286806
-170.76134162626818	-19.31810397951892
-170.7446173375437	-19.41753083845337
-170.72778517808442	-19.51695632918064
-170.7108493844884	-19.616380461791174
-170.69381419335352	-19.71580324637543
-170.67668384127768	-19.815224693023893
-170.65946256485896	-19.914644811826953
-170.64215460069522	-20.014063612875102
-170.6247641853845	-20.11348110625878
-170.60729555552473	-20.212897302068455
-170.58975294771383	-20.3123122103946
-170.57214059854977	-20.411725841327623
-170.55446274463057	-20.51113820495798
-170.5367236225541	-20.610549311376147
-170.51892746891838	-20.709959170672573
-170.5010785203213	-20.809367792937746
-170.4831810133609	-20.90877518826205
-170.4652391846351	-21.00818136673597
-170.44725727074186	-21.10758633844996
-170.42923950827912	-21.206990113494477
-170.41119013384485	-21.306392701960004
-170.39311338403698	-21.40579411393694
-170.37501349545354	-21.505194359515755
-170.35689470469245	-21.6045934487869
-170.3387612483517	-21.703991391840855
-170.32061736302913	-21.80338819876808
-170.30246728532276	-21.90278387965897
-170.28431525183066	-22.002178444604017
-170.26616549915065	-22.101571903693674
-170.24802226388073	-22.200964267018385
-170.2298897826188	-22.30035554466864
-170.21177229196297	-22.399745746734848
-170.19367402851105	-22.49913488330746
-170.1755992288611	-22.598522964476953
-170.157552129611	-22.697910000333778
-170.1395369673587	-22.7972960009684
-170.12155797870224	-22.896680976471245
-170.10361940023952	-22.996064936932772
-170.08572546856848	-23.09544789244344
-170.06788042028717	-23.1948298530937
-170.05008849199345	-23.294210828974045
-170.03235392028535	-23.393590830174862
-170.01468094176076	-23.492969866786638
-169.99707379301765	-23.592347948899814
-169.979536710654	-23.691725086604865
-169.96207393126775	-23.791101289992255
-169.94468969145692	-23.89047656915239
-169.92738822781936	-23.98985093417575
-169.91017377695312	-24.089224395152783
-169.89305057545613	-24.188596962173953
-169.8760228599263	-24.28796864532973
-169.85909486696167	-24.387339454710517
-169.84227083316017	-24.4867094004068
-169.82555499511972	-24.586078492509017
-169.8089515894383	-24.685446741107643
-169.79246485271386	-24.784814156293145
-169.77609902154438	-24.88418074815593
-169.7598583325278	-24.98354652678647
-169.74374702226208	-25.082911502275223
-169.7277693273452	-25.182275684712643
-169.71192948437508	-25.281639084189212
-169.69623172994966	-25.381001710795324
-169.68068030066698	-25.480363574621464
-169.66527943312494	-25.57972468575808
-169.65003336392152	-25.679085054295633
-169.63494632965464	-25.778444690324598
-169.62002256692233	-25.877803603935384
-169.60526631232247	-25.97716180521846
-169.59068180245302	-26.076519304264284
-169.57627327391202	-26.175876111163305
-169.56204496329732	-26.27523223600602
-169.54800110720694	-26.374587688882805
-169.5341459422389	-26.47394247988415
-169.52048370498704	-26.57329661910052
-169.50701763862799	-26.672650116622357
-169.49374719919555	-26.77200298254014
-169.48067094040127	-26.87135522694428
-169.46778741595656	-26.970706859925237
-169.4550951795728	-27.070057891573487
-169.44259278496145	-27.16940833197947
-169.43027878583382	-27.268758191233665
-169.4181517359015	-27.36810747942648
-169.40621018887578	-27.4674562066484
-169.39445269846806	-27.566804382989865
-169.38287781838983	-27.66615201854133
-169.37148410235247	-27.76549912339329
-169.36027010406735	-27.864845707636125
-169.349234377246	-27.964191781360324
-169.3383754755998	-28.063537354656344
-169.3276919528401	-28.162882437614645
-169.31718236267835	-28.262227040325683
-169.30684525882597	-28.361571172879884
-169.29667919499437	-28.46091484536771
-169.28668272489494	-28.560258067879623
-169.2768544022392	-28.659600850506077
-169.2671927807384	-28.758943203337555
-169.25769641410415	-28.858285136464453
-169.2483638560477	-28.957626659977244
-169.2391936602806	-29.056967783966392
-169.23018438051412	-29.15630851852235
-169.22133457045976	-29.255648873735595
-169.21264278382893	-29.35498885969652
-169.20410757433305	-29.454328486495612
-169.19572749568354	-29.553667764223334
-169.18750110159175	-29.653006702970124
-169.17942694576922	-29.752345312826478
-169.17150358192723	-29.85168360388278
-169.16372956377734	-29.951021586229515
-169.15610344503082	-30.050359269957138
-169.14862377939917	-30.149696665156107
-169.14128912059377	-30.2490337819169
-169.13409802232613	-30.34837063032991
-169.1270490383075	-30.44770722048563
-169.12014072224943	-30.547043562474506
-169.11337162786327	-30.646379666386984
-169.1067403088605	-30.745715542313558
-169.10024531895243	-30.84505120034462
-169.09388521185056	-30.944386650570657
-169.08765854126634	-31.04372190308211
-169.08156386091105	-31.14305696796945
-169.07559972449621	-31.24239185532315
-169.06976468573322	-31.341726575233594
-169.06405729833347	-31.44106113779128
-169.05847611600845	-31.54039555308666
-169.05301969246943	-31.639729831210182
-169.04768658142797	-31.739063982252333
-169.04247533659543	-31.83839801630352
-169.0373845116832	-31.937731943454196
-169.0324126604027	-32.037065773794836
-169.0275583364654	-32.136399517415896
-169.02282009358265	-32.23573318440783
-169.01819648546592	-32.33506678486107
-169.01368606582665	-32.43440032886608
-169.00928738837615	-32.53373382651333
-169.00499900682593	-32.63306728789324
-169.00081947488738	-32.73240072309632
-168.99674734627183	-32.83173414221296
-168.99278117469083	-32.93106755533364
-168.9889195138557	-33.03040097254882
-168.98516091747797	-33.12973440394894
-168.9815039392689	-33.22906785962449
-168.97794713294002	-33.328401349665874
-168.97448905220267	-33.42773488416356
-168.97112825076837	-33.52706847320801
-168.96786328234845	-33.62640212688967
-168.96469270065435	-33.725735855299035
-168.96161505939747	-33.8250696685265
-168.95862891228927	-33.92440357666253
-168.9557328130411	-34.02373758979759
-168.9529253153644	-34.12307171802214
-168.95020497297062	-34.222405971426646
-168.94757033957114	-34.32174036010152
-168.9450199688774	-34.42107489413724
-168.94255241460078	-34.52040958362425
-168.94016623045275	-34.619744438653015
-168.9378599701447	-34.719079469314
-168.93563218738802	-34.81841468569763
-168.93348143589418	-34.91775009789437
-168.93140626937452	-35.01708571599467
-168.9294052415405	-35.116421550089
-168.92747690610355	-35.215757610267815
-168.92561981677505	-35.31509390662153
-168.92383252726643	-35.414430449240626
-168.92211359128916	-35.51376724821556
-168.92046156255458	-35.61310431363681
-168.91887499477411	-35.71244165559476
-168.9173524416592	-35.8117792841799
-168.91589245692126	-35.9111172094827
-168.91449359427168	-36.010455441593585
-168.9131544074219	-36.109793990603066
-168.91187345008336	-36.209132866601514
-168.91064927596742	-36.30847207967943
-168.90948043878555	-36.40781163992726
-168.90836549224915	-36.507151557435456
-168.90730299006955	-36.6064918422945
-168.90629160579687	-36.70583250459479
-168.90533077318116	-36.805173554426815
-168.9044202231239	-36.90451500188101
-168.90355968721212	-37.00385685704785
-168.90274889703258	-37.10319913001781
-168.9019875841722	-37.20254183088128
-168.90127548021795	-37.30188496972873
-168.90061231675674	-37.40122855665065
-168.89999782537532	-37.50057260173746
-168.8994317376607	-37.59991711507967
-168.89891378519974	-37.69926210676765
-168.89844369957933	-37.79860758689189
-168.8980212123864	-37.897953565542856
-168.8976460552078	-37.99730005281099
-168.8973179596305	-38.09664705878677
-168.8970366572413	-38.195994593560606
-168.89680187962716	-38.29534266722297
-168.89661335837494	-38.394691289864326
-168.89647082507156	-38.49404047157511
-168.89637401130395	-38.59339022244582
-168.89632264865892	-38.69274055256683
-168.8963164687234	-38.79209147202866
-168.8963552030843	-38.89144299092174
-168.89643858332846	-38.99079511933651
-168.8965663410429	-39.090147867363484
-168.89673820781442	-39.18950124509304
-168.89695391522994	-39.28885526261566
-168.89721319487634	-39.3882099300218
-168.89751577834053	-39.48756525740191
-168.89786139720937	-39.58692125484647
-168.89824978306982	-39.68627793244589
-168.89868066750873	-39.78563530029065
-168.89915378211302	-39.884993368471186
-168.89966885846957	-39.98435214707796
-168.90022562816523	-40.08371164620148
-168.900823822787	-40.18307187593209
-168.90146317392174	-40.282432846360315
-168.90214341315627	-40.381794567576605
-168.90286427207752	-40.48115704967138
-168.90362548227245	-40.58052030273516
-168.90442677532792	-40.67988433685832
-168.90526788283077	-40.779249162131364
-168.90614853636794	-40.87861478864472
-168.90706846752636	-40.97798122648885
-168.9080274078929	-41.07734848575424
-168.90902508905444	-41.176716576531284
-168.91006124259786	-41.27608550891046
-168.91113560011007	-41.37545529298224
-168.912247893178	-41.47482593883705
-168.91339785338852	-41.574197456565386
-168.91458521232852	-41.67356985625766
-168.91580970158492	-41.772943148004316
-168.91707105274457	-41.87231734189585
-168.9183689973944	-41.971692448022694
-168.91970326712126	-42.07106847647532
-168.92107359351212	-42.17044543734413
-168.92247970815384	-42.269823340719626
-168.92392134263326	-42.36920219669224
-168.92539822853738	-42.46858201535244
-168.926910097453	-42.567962806790696
-168.9284566809671	-42.6673445810974
-168.9300377106665	-42.76672734836306
-168.93165291813818	-42.866111118678106
-168.933302034969	-42.965495902133
-168.93498479274572	-43.06488170881822
-168.93670092305544	-43.16426854882417
-168.938450157485	-43.26365643224131
-168.9402322276212	-43.36304536916013
-168.94204686505103	-43.46243536967106
-168.94389380136136	-43.56182644386458
-168.94577276813905	-43.6612186018311
